Cäsium,Natrium;Kobalt,leer
E_A#1 / keV	N_A#1	E_A#2 / keV	N_A#2	E_A#3 / keV	N_A#3	E_A#4 / keV	N_A#4
0,0	0	0,0	0	0,0	0	0,0	0
1,4	0	1,4	0	1,4	0	1,4	0
2,8	0	2,8	0	2,8	0	2,8	0
4,3	0	4,3	0	4,3	0	4,3	0
5,7	0	5,7	2	5,7	4	5,7	0
7,1	1	7,1	3	7,1	6	7,1	0
8,5	8	8,5	5	8,5	10	8,5	0
10,0	6	10,0	7	10,0	6	10,0	0
11,4	19	11,4	14	11,4	12	11,4	0
12,8	146	12,8	88	12,8	77	12,8	0
14,2	331	14,2	252	14,2	168	14,2	4
15,6	315	15,6	269	15,6	210	15,6	3
17,1	296	17,1	286	17,1	210	17,1	8
18,5	282	18,5	273	18,5	229	18,5	8
19,9	263	19,9	293	19,9	191	19,9	14
21,3	258	21,3	319	21,3	226	21,3	10
22,8	277	22,8	332	22,8	253	22,8	16
24,2	299	24,2	323	24,2	276	24,2	10
25,6	320	25,6	343	25,6	245	25,6	9
27,0	299	27,0	370	27,0	239	27,0	10
28,4	366	28,4	367	28,4	273	28,4	12
29,9	346	29,9	385	29,9	309	29,9	16
31,3	384	31,3	347	31,3	295	31,3	11
32,7	411	32,7	375	32,7	299	32,7	14
34,1	448	34,1	422	34,1	290	34,1	13
35,6	502	35,6	359	35,6	273	35,6	7
37,0	726	37,0	378	37,0	296	37,0	12
38,4	1106	38,4	398	38,4	269	38,4	18
39,8	1624	39,8	445	39,8	323	39,8	16
41,2	2272	41,2	389	41,2	284	41,2	17
42,7	2861	42,7	418	42,7	303	42,7	18
44,1	3081	44,1	424	44,1	286	44,1	33
45,5	2949	45,5	399	45,5	326	45,5	20
46,9	2464	46,9	467	46,9	297	46,9	19
48,3	1979	48,3	427	48,3	324	48,3	22
49,8	1444	49,8	428	49,8	358	49,8	25
51,2	1074	51,2	457	51,2	311	51,2	22
52,6	768	52,6	413	52,6	329	52,6	21
54,0	605	54,0	429	54,0	314	54,0	27
55,5	441	55,5	429	55,5	334	55,5	21
56,9	407	56,9	425	56,9	324	56,9	21
58,3	387	58,3	424	58,3	338	58,3	16
59,7	410	59,7	442	59,7	304	59,7	28
61,1	407	61,1	430	61,1	310	61,1	20
62,6	349	62,6	440	62,6	304	62,6	24
64,0	331	64,0	439	64,0	325	64,0	36
65,4	341	65,4	448	65,4	319	65,4	31
66,8	363	66,8	437	66,8	275	66,8	37
68,3	351	68,3	415	68,3	318	68,3	29
69,7	380	69,7	414	69,7	324	69,7	33
71,1	388	71,1	391	71,1	334	71,1	47
72,5	387	72,5	392	72,5	308	72,5	44
73,9	388	73,9	414	73,9	318	73,9	45
75,4	349	75,4	391	75,4	321	75,4	46
76,8	363	76,8	400	76,8	329	76,8	45
78,2	386	78,2	397	78,2	304	78,2	49
79,6	382	79,6	429	79,6	336	79,6	45
81,1	341	81,1	388	81,1	306	81,1	59
82,5	356	82,5	358	82,5	303	82,5	51
83,9	373	83,9	396	83,9	329	83,9	54
85,3	354	85,3	392	85,3	329	85,3	50
86,7	377	86,7	392	86,7	292	86,7	52
88,2	368	88,2	414	88,2	326	88,2	52
89,6	375	89,6	380	89,6	283	89,6	59
91,0	361	91,0	414	91,0	318	91,0	60
92,4	393	92,4	432	92,4	328	92,4	61
93,9	370	93,9	409	93,9	314	93,9	54
95,3	399	95,3	412	95,3	339	95,3	57
96,7	376	96,7	374	96,7	359	96,7	51
98,1	326	98,1	393	98,1	315	98,1	56
99,5	348	99,5	371	99,5	323	99,5	55
101,0	344	101,0	416	101,0	304	101,0	53
102,4	359	102,4	377	102,4	338	102,4	53
103,8	334	103,8	437	103,8	325	103,8	66
105,2	369	105,2	401	105,2	299	105,2	62
106,7	388	106,7	391	106,7	307	106,7	64
108,1	358	108,1	416	108,1	344	108,1	61
109,5	356	109,5	415	109,5	313	109,5	56
110,9	373	110,9	425	110,9	335	110,9	66
112,3	359	112,3	422	112,3	321	112,3	52
113,8	374	113,8	395	113,8	322	113,8	75
115,2	350	115,2	417	115,2	316	115,2	65
116,6	371	116,6	395	116,6	322	116,6	57
118,0	359	118,0	401	118,0	365	118,0	64
119,4	414	119,4	422	119,4	325	119,4	73
120,9	350	120,9	456	120,9	310	120,9	60
122,3	379	122,3	423	122,3	291	122,3	66
123,7	316	123,7	422	123,7	314	123,7	53
125,1	375	125,1	411	125,1	339	125,1	67
126,6	359	126,6	429	126,6	339	126,6	50
128,0	371	128,0	450	128,0	321	128,0	49
129,4	355	129,4	427	129,4	287	129,4	47
130,8	343	130,8	412	130,8	316	130,8	58
132,2	380	132,2	427	132,2	288	132,2	60
133,7	407	133,7	426	133,7	323	133,7	47
135,1	354	135,1	428	135,1	326	135,1	56
136,5	363	136,5	460	136,5	285	136,5	62
137,9	395	137,9	456	137,9	327	137,9	58
139,4	376	139,4	413	139,4	345	139,4	41
140,8	373	140,8	449	140,8	322	140,8	54
142,2	368	142,2	434	142,2	315	142,2	68
143,6	399	143,6	421	143,6	318	143,6	44
145,0	417	145,0	477	145,0	334	145,0	58
146,5	394	146,5	434	146,5	352	146,5	41
147,9	353	147,9	430	147,9	324	147,9	47
149,3	372	149,3	422	149,3	315	149,3	46
150,7	380	150,7	465	150,7	327	150,7	39
152,2	337	152,2	442	152,2	335	152,2	42
153,6	397	153,6	451	153,6	310	153,6	50
155,0	384	155,0	442	155,0	319	155,0	50
156,4	374	156,4	475	156,4	310	156,4	40
157,8	359	157,8	471	157,8	302	157,8	48
159,3	391	159,3	403	159,3	333	159,3	47
160,7	378	160,7	419	160,7	365	160,7	37
162,1	362	162,1	437	162,1	361	162,1	30
163,5	377	163,5	463	163,5	316	163,5	47
165,0	361	165,0	399	165,0	331	165,0	43
166,4	367	166,4	429	166,4	311	166,4	45
167,8	376	167,8	438	167,8	317	167,8	32
169,2	386	169,2	483	169,2	326	169,2	33
170,6	383	170,6	500	170,6	293	170,6	49
172,1	392	172,1	452	172,1	351	172,1	39
173,5	357	173,5	438	173,5	332	173,5	41
174,9	376	174,9	499	174,9	329	174,9	48
176,3	366	176,3	440	176,3	337	176,3	32
177,8	392	177,8	491	177,8	305	177,8	38
179,2	395	179,2	520	179,2	332	179,2	31
180,6	378	180,6	497	180,6	322	180,6	44
182,0	396	182,0	538	182,0	330	182,0	42
183,4	375	183,4	541	183,4	323	183,4	21
184,9	409	184,9	595	184,9	327	184,9	29
186,3	406	186,3	584	186,3	287	186,3	31
187,7	386	187,7	589	187,7	308	187,7	36
189,1	453	189,1	653	189,1	305	189,1	43
190,5	413	190,5	673	190,5	300	190,5	36
192,0	461	192,0	649	192,0	294	192,0	26
193,4	456	193,4	693	193,4	302	193,4	37
194,8	441	194,8	656	194,8	322	194,8	39
196,2	502	196,2	630	196,2	313	196,2	36
197,7	482	197,7	684	197,7	304	197,7	40
199,1	552	199,1	671	199,1	312	199,1	27
200,5	537	200,5	701	200,5	296	200,5	29
201,9	538	201,9	724	201,9	306	201,9	32
203,3	571	203,3	673	203,3	318	203,3	28
204,8	579	204,8	685	204,8	323	204,8	35
206,2	642	206,2	675	206,2	305	206,2	27
207,6	623	207,6	654	207,6	301	207,6	25
209,0	630	209,0	621	209,0	341	209,0	29
210,5	626	210,5	600	210,5	306	210,5	29
211,9	620	211,9	590	211,9	343	211,9	25
213,3	598	213,3	612	213,3	319	213,3	30
214,7	617	214,7	568	214,7	348	214,7	23
216,1	583	216,1	588	216,1	338	216,1	27
217,6	583	217,6	554	217,6	350	217,6	17
219,0	555	219,0	553	219,0	366	219,0	22
220,4	556	220,4	570	220,4	325	220,4	26
221,8	538	221,8	568	221,8	355	221,8	19
223,3	543	223,3	550	223,3	400	223,3	15
224,7	572	224,7	522	224,7	359	224,7	25
226,1	497	226,1	507	226,1	425	226,1	19
227,5	501	227,5	519	227,5	430	227,5	27
228,9	509	228,9	524	228,9	386	228,9	24
230,4	510	230,4	542	230,4	411	230,4	20
231,8	489	231,8	495	231,8	443	231,8	38
233,2	489	233,2	539	233,2	445	233,2	23
234,6	453	234,6	486	234,6	431	234,6	17
236,1	449	236,1	563	236,1	440	236,1	21
237,5	436	237,5	452	237,5	462	237,5	24
238,9	473	238,9	476	238,9	471	238,9	20
240,3	426	240,3	472	240,3	453	240,3	26
241,7	410	241,7	487	241,7	437	241,7	21
243,2	416	243,2	490	243,2	405	243,2	21
244,6	410	244,6	455	244,6	438	244,6	25
246,0	402	246,0	482	246,0	425	246,0	32
247,4	374	247,4	449	247,4	416	247,4	27
248,9	386	248,9	400	248,9	413	248,9	16
250,3	369	250,3	449	250,3	433	250,3	23
251,7	373	251,7	491	251,7	426	251,7	12
253,1	392	253,1	480	253,1	423	253,1	24
254,5	364	254,5	451	254,5	401	254,5	14
256,0	369	256,0	462	256,0	444	256,0	15
257,4	391	257,4	453	257,4	350	257,4	26
258,8	337	258,8	454	258,8	396	258,8	20
260,2	378	260,2	449	260,2	377	260,2	14
261,6	339	261,6	433	261,6	374	261,6	20
263,1	343	263,1	429	263,1	358	263,1	12
264,5	377	264,5	455	264,5	347	264,5	15
265,9	347	265,9	449	265,9	346	265,9	24
267,3	350	267,3	436	267,3	355	267,3	16
268,8	363	268,8	447	268,8	341	268,8	10
270,2	333	270,2	446	270,2	335	270,2	14
271,6	352	271,6	398	271,6	364	271,6	18
273,0	368	273,0	449	273,0	339	273,0	17
274,4	326	274,4	424	274,4	304	274,4	10
275,9	318	275,9	396	275,9	338	275,9	9
277,3	338	277,3	427	277,3	330	277,3	13
278,7	300	278,7	408	278,7	337	278,7	13
280,1	316	280,1	396	280,1	318	280,1	15
281,6	384	281,6	416	281,6	289	281,6	13
283,0	315	283,0	416	283,0	310	283,0	12
284,4	306	284,4	400	284,4	317	284,4	18
285,8	331	285,8	387	285,8	284	285,8	9
287,2	312	287,2	425	287,2	299	287,2	13
288,7	333	288,7	399	288,7	313	288,7	9
290,1	319	290,1	422	290,1	305	290,1	6
291,5	317	291,5	390	291,5	326	291,5	17
292,9	343	292,9	378	292,9	279	292,9	12
294,4	326	294,4	394	294,4	315	294,4	16
295,8	341	295,8	402	295,8	255	295,8	14
297,2	322	297,2	387	297,2	304	297,2	12
298,6	314	298,6	398	298,6	275	298,6	11
300,0	313	300,0	412	300,0	318	300,0	12
301,5	310	301,5	414	301,5	268	301,5	13
302,9	331	302,9	393	302,9	279	302,9	10
304,3	320	304,3	417	304,3	309	304,3	10
305,7	326	305,7	396	305,7	311	305,7	6
307,2	305	307,2	421	307,2	272	307,2	6
308,6	277	308,6	394	308,6	282	308,6	11
310,0	289	310,0	362	310,0	281	310,0	14
311,4	287	311,4	392	311,4	292	311,4	11
312,8	263	312,8	408	312,8	294	312,8	8
314,3	332	314,3	393	314,3	316	314,3	10
315,7	320	315,7	400	315,7	303	315,7	10
317,1	305	317,1	383	317,1	274	317,1	16
318,5	257	318,5	395	318,5	289	318,5	10
320,0	343	320,0	362	320,0	319	320,0	8
321,4	290	321,4	401	321,4	288	321,4	8
322,8	283	322,8	355	322,8	240	322,8	8
324,2	281	324,2	363	324,2	276	324,2	9
325,6	305	325,6	381	325,6	283	325,6	13
327,1	284	327,1	408	327,1	281	327,1	11
328,5	303	328,5	359	328,5	281	328,5	8
329,9	321	329,9	349	329,9	315	329,9	7
331,3	317	331,3	369	331,3	270	331,3	5
332,7	269	332,7	326	332,7	295	332,7	9
334,2	286	334,2	351	334,2	292	334,2	13
335,6	305	335,6	342	335,6	275	335,6	4
337,0	286	337,0	330	337,0	277	337,0	4
338,4	273	338,4	330	338,4	255	338,4	5
339,9	278	339,9	314	339,9	249	339,9	5
341,3	281	341,3	288	341,3	262	341,3	8
342,7	280	342,7	259	342,7	287	342,7	10
344,1	257	344,1	286	344,1	245	344,1	10
345,5	297	345,5	275	345,5	248	345,5	8
347,0	306	347,0	237	347,0	276	347,0	4
348,4	296	348,4	243	348,4	270	348,4	7
349,8	318	349,8	245	349,8	250	349,8	10
351,2	320	351,2	225	351,2	242	351,2	6
352,7	280	352,7	202	352,7	283	352,7	8
354,1	292	354,1	209	354,1	257	354,1	6
355,5	304	355,5	207	355,5	226	355,5	11
356,9	298	356,9	202	356,9	237	356,9	4
358,3	302	358,3	189	358,3	241	358,3	9
359,8	329	359,8	178	359,8	233	359,8	10
361,2	273	361,2	174	361,2	247	361,2	7
362,6	283	362,6	138	362,6	260	362,6	7
364,0	279	364,0	175	364,0	273	364,0	1
365,5	306	365,5	152	365,5	243	365,5	7
366,9	284	366,9	121	366,9	239	366,9	7
368,3	301	368,3	134	368,3	298	368,3	6
369,7	261	369,7	140	369,7	222	369,7	6
371,1	334	371,1	138	371,1	231	371,1	12
372,6	288	372,6	120	372,6	255	372,6	7
374,0	304	374,0	142	374,0	225	374,0	7
375,4	309	375,4	143	375,4	237	375,4	7
376,8	324	376,8	119	376,8	233	376,8	7
378,3	301	378,3	112	378,3	241	378,3	8
379,7	319	379,7	127	379,7	249	379,7	6
381,1	309	381,1	128	381,1	231	381,1	3
382,5	277	382,5	108	382,5	249	382,5	4
383,9	285	383,9	100	383,9	223	383,9	1
385,4	319	385,4	131	385,4	235	385,4	3
386,8	292	386,8	105	386,8	223	386,8	4
388,2	300	388,2	107	388,2	250	388,2	5
389,6	323	389,6	91	389,6	250	389,6	7
391,1	304	391,1	102	391,1	258	391,1	3
392,5	281	392,5	100	392,5	222	392,5	5
393,9	308	393,9	100	393,9	222	393,9	4
395,3	278	395,3	91	395,3	239	395,3	5
396,7	315	396,7	87	396,7	207	396,7	7
398,2	335	398,2	87	398,2	244	398,2	5
399,6	298	399,6	84	399,6	235	399,6	3
401,0	319	401,0	84	401,0	236	401,0	4
402,4	298	402,4	108	402,4	250	402,4	9
403,9	308	403,9	82	403,9	212	403,9	6
405,3	314	405,3	85	405,3	235	405,3	4
406,7	363	406,7	87	406,7	237	406,7	2
408,1	300	408,1	77	408,1	259	408,1	5
409,5	287	409,5	82	409,5	237	409,5	3
411,0	318	411,0	77	411,0	227	411,0	3
412,4	348	412,4	96	412,4	233	412,4	3
413,8	315	413,8	67	413,8	238	413,8	7
415,2	324	415,2	76	415,2	254	415,2	2
416,6	352	416,6	85	416,6	257	416,6	4
418,1	317	418,1	95	418,1	238	418,1	4
419,5	324	419,5	78	419,5	228	419,5	1
420,9	350	420,9	79	420,9	231	420,9	3
422,3	345	422,3	82	422,3	196	422,3	4
423,8	332	423,8	72	423,8	237	423,8	1
425,2	366	425,2	79	425,2	252	425,2	4
426,6	336	426,6	71	426,6	216	426,6	1
428,0	311	428,0	76	428,0	216	428,0	2
429,4	346	429,4	74	429,4	265	429,4	4
430,9	366	430,9	72	430,9	221	430,9	3
432,3	369	432,3	84	432,3	215	432,3	2
433,7	342	433,7	84	433,7	237	433,7	7
435,1	342	435,1	70	435,1	226	435,1	6
436,6	318	436,6	74	436,6	215	436,6	2
438,0	363	438,0	83	438,0	214	438,0	3
439,4	326	439,4	94	439,4	215	439,4	5
440,8	348	440,8	70	440,8	206	440,8	2
442,2	371	442,2	73	442,2	219	442,2	3
443,7	394	443,7	83	443,7	236	443,7	0
445,1	349	445,1	59	445,1	191	445,1	5
446,5	353	446,5	72	446,5	205	446,5	6
447,9	334	447,9	84	447,9	226	447,9	1
449,4	289	449,4	79	449,4	213	449,4	10
450,8	365	450,8	65	450,8	232	450,8	3
452,2	355	452,2	72	452,2	213	452,2	3
453,6	312	453,6	85	453,6	190	453,6	5
455,0	315	455,0	82	455,0	232	455,0	0
456,5	353	456,5	72	456,5	213	456,5	4
457,9	335	457,9	86	457,9	213	457,9	2
459,3	348	459,3	66	459,3	216	459,3	4
460,7	342	460,7	74	460,7	204	460,7	3
462,2	262	462,2	93	462,2	212	462,2	5
463,6	294	463,6	94	463,6	220	463,6	5
465,0	288	465,0	72	465,0	211	465,0	3
466,4	290	466,4	79	466,4	211	466,4	4
467,8	282	467,8	99	467,8	200	467,8	4
469,3	264	469,3	114	469,3	209	469,3	3
470,7	236	470,7	114	470,7	221	470,7	0
472,1	219	472,1	125	472,1	199	472,1	8
473,5	238	473,5	126	473,5	213	473,5	4
475,0	239	475,0	147	475,0	209	475,0	3
476,4	231	476,4	170	476,4	217	476,4	3
477,8	219	477,8	164	477,8	204	477,8	3
479,2	207	479,2	192	479,2	198	479,2	3
480,6	187	480,6	228	480,6	215	480,6	4
482,1	199	482,1	253	482,1	220	482,1	4
483,5	169	483,5	307	483,5	177	483,5	4
484,9	183	484,9	297	484,9	235	484,9	2
486,3	153	486,3	335	486,3	227	486,3	2
487,7	149	487,7	372	487,7	217	487,7	2
489,2	143	489,2	396	489,2	200	489,2	3
490,6	167	490,6	471	490,6	206	490,6	4
492,0	119	492,0	524	492,0	214	492,0	2
493,4	136	493,4	537	493,4	215	493,4	1
494,9	117	494,9	596	494,9	209	494,9	2
496,3	134	496,3	683	496,3	196	496,3	3
497,7	123	497,7	804	497,7	195	497,7	4
499,1	97	499,1	789	499,1	190	499,1	5
500,5	103	500,5	871	500,5	227	500,5	3
502,0	91	502,0	890	502,0	229	502,0	4
503,4	92	503,4	957	503,4	224	503,4	4
504,8	92	504,8	1084	504,8	229	504,8	6
506,2	72	506,2	1191	506,2	209	506,2	6
507,7	83	507,7	1147	507,7	240	507,7	7
509,1	84	509,1	1239	509,1	195	509,1	4
510,5	68	510,5	1254	510,5	216	510,5	5
511,9	69	511,9	1326	511,9	194	511,9	5
513,3	71	513,3	1366	513,3	235	513,3	3
514,8	66	514,8	1307	514,8	207	514,8	5
516,2	64	516,2	1379	516,2	215	516,2	6
517,6	72	517,6	1482	517,6	216	517,6	6
519,0	68	519,0	1436	519,0	235	519,0	2
520,5	57	520,5	1441	520,5	200	520,5	7
521,9	60	521,9	1377	521,9	212	521,9	4
523,3	66	523,3	1416	523,3	207	523,3	3
524,7	51	524,7	1416	524,7	190	524,7	1
526,1	61	526,1	1250	526,1	212	526,1	2
527,6	52	527,6	1207	527,6	208	527,6	7
529,0	51	529,0	1184	529,0	243	529,0	4
530,4	49	530,4	1176	530,4	204	530,4	6
531,8	44	531,8	1170	531,8	238	531,8	5
533,3	49	533,3	1043	533,3	229	533,3	5
534,7	52	534,7	985	534,7	204	534,7	6
536,1	47	536,1	859	536,1	220	536,1	3
537,5	38	537,5	828	537,5	244	537,5	1
538,9	49	538,9	734	538,9	225	538,9	4
540,4	36	540,4	646	540,4	201	540,4	5
541,8	40	541,8	627	541,8	210	541,8	2
543,2	46	543,2	572	543,2	213	543,2	4
544,6	30	544,6	527	544,6	226	544,6	2
546,1	37	546,1	493	546,1	224	546,1	1
547,5	33	547,5	425	547,5	204	547,5	3
548,9	23	548,9	357	548,9	200	548,9	6
550,3	26	550,3	333	550,3	188	550,3	0
551,7	28	551,7	331	551,7	214	551,7	1
553,2	31	553,2	247	553,2	194	553,2	3
554,6	32	554,6	260	554,6	199	554,6	2
556,0	32	556,0	198	556,0	183	556,0	4
557,4	35	557,4	164	557,4	233	557,4	5
558,8	26	558,8	130	558,8	186	558,8	2
560,3	26	560,3	117	560,3	204	560,3	2
561,7	24	561,7	116	561,7	212	561,7	3
563,1	18	563,1	73	563,1	176	563,1	2
564,5	19	564,5	78	564,5	233	564,5	5
566,0	27	566,0	83	566,0	234	566,0	1
567,4	24	567,4	87	567,4	226	567,4	1
568,8	26	568,8	69	568,8	228	568,8	1
570,2	29	570,2	51	570,2	226	570,2	2
571,6	25	571,6	67	571,6	233	571,6	1
573,1	31	573,1	56	573,1	214	573,1	2
574,5	23	574,5	48	574,5	217	574,5	1
575,9	20	575,9	41	575,9	215	575,9	3
577,3	19	577,3	45	577,3	208	577,3	2
578,8	26	578,8	48	578,8	182	578,8	2
580,2	24	580,2	39	580,2	238	580,2	0
581,6	34	581,6	38	581,6	195	581,6	2
583,0	27	583,0	43	583,0	204	583,0	1
584,4	28	584,4	50	584,4	223	584,4	2
585,9	24	585,9	38	585,9	196	585,9	2
587,3	27	587,3	36	587,3	212	587,3	1
588,7	23	588,7	47	588,7	210	588,7	4
590,1	27	590,1	47	590,1	201	590,1	0
591,6	24	591,6	41	591,6	214	591,6	1
593,0	23	593,0	45	593,0	208	593,0	1
594,4	31	594,4	33	594,4	200	594,4	3
595,8	26	595,8	31	595,8	217	595,8	0
597,2	33	597,2	41	597,2	233	597,2	2
598,7	33	598,7	38	598,7	197	598,7	3
600,1	54	600,1	46	600,1	222	600,1	3
601,5	45	601,5	43	601,5	212	601,5	4
602,9	33	602,9	45	602,9	194	602,9	2
604,4	47	604,4	43	604,4	219	604,4	1
605,8	58	605,8	47	605,8	209	605,8	1
607,2	50	607,2	48	607,2	187	607,2	2
608,6	80	608,6	42	608,6	216	608,6	0
610,0	67	610,0	52	610,0	194	610,0	2
611,5	77	611,5	43	611,5	211	611,5	2
612,9	90	612,9	40	612,9	241	612,9	1
614,3	96	614,3	47	614,3	212	614,3	2
615,7	131	615,7	52	615,7	210	615,7	2
617,2	121	617,2	36	617,2	209	617,2	3
618,6	153	618,6	62	618,6	204	618,6	2
620,0	147	620,0	42	620,0	178	620,0	0
621,4	203	621,4	31	621,4	197	621,4	3
622,8	198	622,8	48	622,8	221	622,8	0
624,3	234	624,3	47	624,3	243	624,3	3
625,7	277	625,7	49	625,7	220	625,7	3
627,1	278	627,1	36	627,1	222	627,1	0
628,5	305	628,5	48	628,5	214	628,5	1
629,9	405	629,9	34	629,9	216	629,9	2
631,4	415	631,4	40	631,4	219	631,4	2
632,8	456	632,8	55	632,8	215	632,8	1
634,2	495	634,2	48	634,2	240	634,2	1
635,6	519	635,6	44	635,6	193	635,6	2
637,1	573	637,1	44	637,1	208	637,1	1
638,5	623	638,5	50	638,5	216	638,5	3
639,9	693	639,9	49	639,9	202	639,9	1
641,3	687	641,3	48	641,3	221	641,3	3
642,7	770	642,7	56	642,7	218	642,7	1
644,2	817	644,2	43	644,2	190	644,2	1
645,6	829	645,6	46	645,6	202	645,6	2
647,0	907	647,0	43	647,0	213	647,0	0
648,4	953	648,4	41	648,4	212	648,4	0
649,9	913	649,9	48	649,9	205	649,9	0
651,3	966	651,3	61	651,3	212	651,3	3
652,7	1059	652,7	49	652,7	199	652,7	1
654,1	1064	654,1	44	654,1	219	654,1	4
655,5	1040	655,5	28	655,5	177	655,5	1
657,0	1096	657,0	39	657,0	210	657,0	0
658,4	1105	658,4	37	658,4	234	658,4	3
659,8	1137	659,8	39	659,8	203	659,8	0
661,2	1105	661,2	63	661,2	233	661,2	2
662,7	1121	662,7	51	662,7	229	662,7	5
664,1	1149	664,1	53	664,1	214	664,1	4
665,5	1097	665,5	55	665,5	216	665,5	0
666,9	1119	666,9	36	666,9	210	666,9	1
668,3	1106	668,3	50	668,3	206	668,3	1
669,8	1100	669,8	55	669,8	206	669,8	0
671,2	979	671,2	50	671,2	180	671,2	0
672,6	965	672,6	46	672,6	197	672,6	0
674,0	896	674,0	38	674,0	222	674,0	1
675,5	911	675,5	44	675,5	212	675,5	1
676,9	751	676,9	45	676,9	211	676,9	0
678,3	820	678,3	51	678,3	231	678,3	0
679,7	760	679,7	61	679,7	215	679,7	0
681,1	738	681,1	41	681,1	218	681,1	4
682,6	631	682,6	48	682,6	204	682,6	0
684,0	592	684,0	36	684,0	216	684,0	1
685,4	531	685,4	31	685,4	227	685,4	0
686,8	509	686,8	52	686,8	226	686,8	3
688,3	496	688,3	42	688,3	208	688,3	0
689,7	355	689,7	37	689,7	203	689,7	1
691,1	392	691,1	44	691,1	203	691,1	1
692,5	352	692,5	47	692,5	226	692,5	3
693,9	316	693,9	44	693,9	210	693,9	2
695,4	268	695,4	55	695,4	209	695,4	3
696,8	266	696,8	35	696,8	216	696,8	2
698,2	194	698,2	45	698,2	203	698,2	0
699,6	197	699,6	40	699,6	213	699,6	0
701,0	162	701,0	46	701,0	209	701,0	2
702,5	128	702,5	42	702,5	206	702,5	3
703,9	127	703,9	57	703,9	217	703,9	3
705,3	103	705,3	48	705,3	215	705,3	0
706,7	87	706,7	42	706,7	217	706,7	0
708,2	85	708,2	54	708,2	208	708,2	0
709,6	54	709,6	42	709,6	218	709,6	1
711,0	31	711,0	50	711,0	222	711,0	3
712,4	44	712,4	46	712,4	254	712,4	3
713,8	34	713,8	45	713,8	225	713,8	0
715,3	26	715,3	36	715,3	195	715,3	0
716,7	17	716,7	46	716,7	242	716,7	2
718,1	18	718,1	48	718,1	196	718,1	1
719,5	11	719,5	46	719,5	224	719,5	0
721,0	16	721,0	43	721,0	234	721,0	1
722,4	19	722,4	51	722,4	224	722,4	3
723,8	10	723,8	44	723,8	205	723,8	1
725,2	7	725,2	46	725,2	230	725,2	0
726,6	8	726,6	36	726,6	206	726,6	2
728,1	8	728,1	39	728,1	210	728,1	2
729,5	2	729,5	51	729,5	207	729,5	0
730,9	5	730,9	44	730,9	195	730,9	2
732,3	2	732,3	46	732,3	192	732,3	0
733,8	6	733,8	36	733,8	227	733,8	0
735,2	4	735,2	37	735,2	224	735,2	0
736,6	4	736,6	59	736,6	211	736,6	1
738,0	1	738,0	46	738,0	236	738,0	0
739,4	2	739,4	49	739,4	227	739,4	1
740,9	2	740,9	41	740,9	212	740,9	1
742,3	1	742,3	40	742,3	229	742,3	1
743,7	0	743,7	43	743,7	224	743,7	0
745,1	0	745,1	50	745,1	249	745,1	0
746,6	1	746,6	36	746,6	239	746,6	2
748,0	3	748,0	48	748,0	230	748,0	1
749,4	1	749,4	40	749,4	228	749,4	3
750,8	0	750,8	40	750,8	236	750,8	5
752,2	2	752,2	42	752,2	247	752,2	2
753,7	2	753,7	51	753,7	231	753,7	1
755,1	0	755,1	43	755,1	212	755,1	0
756,5	0	756,5	33	756,5	208	756,5	4
757,9	2	757,9	47	757,9	218	757,9	1
759,4	4	759,4	47	759,4	247	759,4	1
760,8	1	760,8	43	760,8	209	760,8	2
762,2	0	762,2	51	762,2	230	762,2	2
763,6	2	763,6	46	763,6	253	763,6	2
765,0	2	765,0	51	765,0	233	765,0	0
766,5	2	766,5	41	766,5	253	766,5	0
767,9	1	767,9	40	767,9	223	767,9	0
769,3	2	769,3	43	769,3	199	769,3	1
770,7	1	770,7	54	770,7	258	770,7	1
772,1	1	772,1	42	772,1	259	772,1	1
773,6	1	773,6	58	773,6	236	773,6	4
775,0	1	775,0	57	775,0	240	775,0	0
776,4	1	776,4	50	776,4	231	776,4	1
777,8	2	777,8	45	777,8	242	777,8	1
779,3	5	779,3	41	779,3	239	779,3	0
780,7	1	780,7	61	780,7	217	780,7	0
782,1	1	782,1	44	782,1	249	782,1	1
783,5	1	783,5	47	783,5	239	783,5	1
784,9	1	784,9	55	784,9	264	784,9	0
786,4	1	786,4	47	786,4	240	786,4	0
787,8	3	787,8	67	787,8	247	787,8	4
789,2	1	789,2	49	789,2	240	789,2	1
790,6	0	790,6	45	790,6	261	790,6	0
792,1	1	792,1	41	792,1	242	792,1	2
793,5	0	793,5	53	793,5	223	793,5	0
794,9	3	794,9	51	794,9	241	794,9	2
796,3	1	796,3	44	796,3	233	796,3	0
797,7	1	797,7	49	797,7	258	797,7	0
799,2	0	799,2	49	799,2	243	799,2	2
800,6	2	800,6	45	800,6	259	800,6	2
802,0	1	802,0	50	802,0	256	802,0	0
803,4	0	803,4	40	803,4	259	803,4	1
804,9	0	804,9	46	804,9	238	804,9	2
806,3	1	806,3	60	806,3	249	806,3	1
807,7	2	807,7	52	807,7	270	807,7	0
809,1	2	809,1	48	809,1	253	809,1	0
810,5	1	810,5	40	810,5	279	810,5	0
812,0	0	812,0	37	812,0	220	812,0	0
813,4	2	813,4	69	813,4	257	813,4	0
814,8	0	814,8	58	814,8	287	814,8	0
816,2	1	816,2	49	816,2	222	816,2	0
817,7	3	817,7	56	817,7	263	817,7	0
819,1	3	819,1	55	819,1	268	819,1	1
820,5	3	820,5	40	820,5	283	820,5	2
821,9	0	821,9	42	821,9	259	821,9	1
823,3	1	823,3	48	823,3	250	823,3	0
824,8	1	824,8	38	824,8	266	824,8	1
826,2	2	826,2	54	826,2	289	826,2	2
827,6	1	827,6	53	827,6	282	827,6	0
829,0	0	829,0	59	829,0	264	829,0	1
830,5	1	830,5	58	830,5	263	830,5	0
831,9	2	831,9	53	831,9	254	831,9	0
833,3	0	833,3	41	833,3	294	833,3	1
834,7	2	834,7	54	834,7	247	834,7	0
836,1	0	836,1	52	836,1	258	836,1	0
837,6	1	837,6	52	837,6	268	837,6	0
839,0	0	839,0	44	839,0	247	839,0	0
840,4	3	840,4	48	840,4	289	840,4	0
841,8	2	841,8	55	841,8	278	841,8	2
843,3	1	843,3	45	843,3	265	843,3	1
844,7	0	844,7	54	844,7	308	844,7	0
846,1	0	846,1	54	846,1	313	846,1	2
847,5	0	847,5	46	847,5	278	847,5	0
848,9	2	848,9	36	848,9	283	848,9	0
850,4	1	850,4	60	850,4	270	850,4	1
851,8	1	851,8	57	851,8	302	851,8	3
853,2	0	853,2	56	853,2	256	853,2	1
854,6	1	854,6	54	854,6	268	854,6	1
856,0	0	856,0	63	856,0	279	856,0	1
857,5	3	857,5	40	857,5	285	857,5	1
858,9	0	858,9	53	858,9	245	858,9	0
860,3	0	860,3	56	860,3	294	860,3	0
861,7	2	861,7	51	861,7	273	861,7	1
863,2	2	863,2	50	863,2	304	863,2	0
864,6	2	864,6	44	864,6	279	864,6	1
866,0	0	866,0	51	866,0	286	866,0	1
867,4	2	867,4	62	867,4	261	867,4	0
868,8	0	868,8	47	868,8	270	868,8	1
870,3	1	870,3	59	870,3	288	870,3	2
871,7	0	871,7	54	871,7	253	871,7	4
873,1	2	873,1	42	873,1	270	873,1	1
874,5	1	874,5	60	874,5	275	874,5	0
876,0	0	876,0	59	876,0	281	876,0	3
877,4	2	877,4	57	877,4	277	877,4	2
878,8	1	878,8	59	878,8	272	878,8	0
880,2	1	880,2	57	880,2	257	880,2	1
881,6	1	881,6	61	881,6	286	881,6	2
883,1	0	883,1	44	883,1	292	883,1	1
884,5	1	884,5	52	884,5	284	884,5	1
885,9	2	885,9	64	885,9	267	885,9	3
887,3	3	887,3	43	887,3	274	887,3	0
888,8	1	888,8	52	888,8	249	888,8	1
890,2	1	890,2	58	890,2	279	890,2	1
891,6	1	891,6	48	891,6	287	891,6	2
893,0	3	893,0	53	893,0	261	893,0	0
894,4	2	894,4	52	894,4	238	894,4	1
895,9	2	895,9	47	895,9	267	895,9	3
897,3	2	897,3	71	897,3	275	897,3	0
898,7	0	898,7	69	898,7	259	898,7	2
900,1	1	900,1	45	900,1	243	900,1	0
901,6	3	901,6	69	901,6	259	901,6	2
903,0	2	903,0	47	903,0	233	903,0	0
904,4	0	904,4	65	904,4	258	904,4	0
905,8	1	905,8	44	905,8	223	905,8	1
907,2	1	907,2	60	907,2	219	907,2	0
908,7	1	908,7	72	908,7	240	908,7	1
910,1	0	910,1	49	910,1	224	910,1	3
911,5	0	911,5	56	911,5	230	911,5	2
912,9	0	912,9	48	912,9	219	912,9	3
914,4	1	914,4	69	914,4	233	914,4	0
915,8	0	915,8	50	915,8	235	915,8	1
917,2	2	917,2	64	917,2	217	917,2	3
918,6	0	918,6	51	918,6	242	918,6	1
920,0	0	920,0	56	920,0	252	920,0	1
921,5	0	921,5	65	921,5	216	921,5	1
922,9	0	922,9	67	922,9	201	922,9	2
924,3	1	924,3	75	924,3	173	924,3	1
925,7	3	925,7	60	925,7	210	925,7	0
927,1	0	927,1	69	927,1	186	927,1	1
928,6	0	928,6	70	928,6	209	928,6	0
930,0	0	930,0	73	930,0	198	930,0	0
931,4	1	931,4	53	931,4	222	931,4	0
932,8	1	932,8	64	932,8	225	932,8	0
934,3	1	934,3	64	934,3	209	934,3	1
935,7	0	935,7	53	935,7	177	935,7	1
937,1	1	937,1	81	937,1	186	937,1	0
938,5	0	938,5	54	938,5	213	938,5	0
939,9	0	939,9	49	939,9	185	939,9	3
941,4	0	941,4	74	941,4	192	941,4	1
942,8	1	942,8	72	942,8	155	942,8	1
944,2	1	944,2	67	944,2	208	944,2	2
945,6	0	945,6	64	945,6	187	945,6	1
947,1	0	947,1	83	947,1	163	947,1	3
948,5	1	948,5	73	948,5	150	948,5	1
949,9	1	949,9	49	949,9	175	949,9	0
951,3	0	951,3	57	951,3	174	951,3	1
952,7	1	952,7	78	952,7	174	952,7	1
954,2	0	954,2	65	954,2	193	954,2	0
955,6	1	955,6	60	955,6	184	955,6	0
957,0	1	957,0	60	957,0	187	957,0	1
958,4	2	958,4	71	958,4	187	958,4	0
959,9	1	959,9	56	959,9	167	959,9	2
961,3	2	961,3	49	961,3	180	961,3	0
962,7	1	962,7	56	962,7	162	962,7	1
964,1	2	964,1	64	964,1	180	964,1	0
965,5	1	965,5	53	965,5	152	965,5	2
967,0	1	967,0	65	967,0	161	967,0	0
968,4	0	968,4	65	968,4	177	968,4	2
969,8	1	969,8	60	969,8	169	969,8	0
971,2	2	971,2	62	971,2	170	971,2	0
972,7	2	972,7	52	972,7	168	972,7	0
974,1	2	974,1	64	974,1	194	974,1	2
975,5	0	975,5	68	975,5	164	975,5	1
976,9	2	976,9	57	976,9	156	976,9	0
978,3	0	978,3	56	978,3	189	978,3	1
979,8	0	979,8	63	979,8	180	979,8	0
981,2	2	981,2	56	981,2	157	981,2	1
982,6	3	982,6	53	982,6	176	982,6	0
984,0	1	984,0	47	984,0	171	984,0	0
985,5	1	985,5	49	985,5	174	985,5	2
986,9	0	986,9	51	986,9	161	986,9	1
988,3	0	988,3	50	988,3	188	988,3	0
989,7	1	989,7	56	989,7	174	989,7	0
991,1	0	991,1	44	991,1	161	991,1	2
992,6	0	992,6	51	992,6	181	992,6	1
994,0	1	994,0	42	994,0	146	994,0	0
995,4	0	995,4	40	995,4	153	995,4	0
996,8	0	996,8	34	996,8	175	996,8	0
998,2	1	998,2	47	998,2	171	998,2	2
999,7	0	999,7	43	999,7	160	999,7	1
1001,1	0	1001,1	42	1001,1	138	1001,1	1
1002,5	0	1002,5	41	1002,5	192	1002,5	0
1003,9	0	1003,9	38	1003,9	163	1003,9	1
1005,4	1	1005,4	44	1005,4	146	1005,4	1
1006,8	0	1006,8	35	1006,8	159	1006,8	0
1008,2	0	1008,2	34	1008,2	145	1008,2	2
1009,6	0	1009,6	27	1009,6	150	1009,6	3
1011,0	2	1011,0	37	1011,0	168	1011,0	1
1012,5	2	1012,5	30	1012,5	173	1012,5	1
1013,9	1	1013,9	31	1013,9	143	1013,9	1
1015,3	0	1015,3	25	1015,3	144	1015,3	0
1016,7	0	1016,7	16	1016,7	152	1016,7	0
1018,2	0	1018,2	34	1018,2	140	1018,2	3
1019,6	2	1019,6	33	1019,6	140	1019,6	0
1021,0	1	1021,0	19	1021,0	163	1021,0	3
1022,4	1	1022,4	23	1022,4	162	1022,4	0
1023,8	1	1023,8	26	1023,8	137	1023,8	1
1025,3	1	1025,3	21	1025,3	156	1025,3	2
1026,7	0	1026,7	25	1026,7	135	1026,7	0
1028,1	0	1028,1	25	1028,1	144	1028,1	0
1029,5	2	1029,5	18	1029,5	164	1029,5	2
1031,0	1	1031,0	30	1031,0	146	1031,0	3
1032,4	1	1032,4	13	1032,4	149	1032,4	0
1033,8	3	1033,8	22	1033,8	145	1033,8	0
1035,2	1	1035,2	27	1035,2	147	1035,2	2
1036,6	0	1036,6	12	1036,6	133	1036,6	0
1038,1	0	1038,1	12	1038,1	145	1038,1	1
1039,5	0	1039,5	21	1039,5	140	1039,5	1
1040,9	0	1040,9	20	1040,9	125	1040,9	0
1042,3	2	1042,3	17	1042,3	136	1042,3	0
1043,8	1	1043,8	17	1043,8	127	1043,8	2
1045,2	0	1045,2	13	1045,2	129	1045,2	0
1046,6	1	1046,6	22	1046,6	155	1046,6	0
1048,0	0	1048,0	13	1048,0	139	1048,0	1
1049,4	1	1049,4	11	1049,4	154	1049,4	0
1050,9	1	1050,9	15	1050,9	139	1050,9	1
1052,3	2	1052,3	20	1052,3	127	1052,3	0
1053,7	0	1053,7	20	1053,7	129	1053,7	2
1055,1	0	1055,1	10	1055,1	130	1055,1	0
1056,6	0	1056,6	11	1056,6	123	1056,6	0
1058,0	1	1058,0	8	1058,0	150	1058,0	0
1059,4	0	1059,4	14	1059,4	151	1059,4	1
1060,8	0	1060,8	7	1060,8	145	1060,8	3
1062,2	1	1062,2	17	1062,2	164	1062,2	0
1063,7	1	1063,7	10	1063,7	160	1063,7	1
1065,1	4	1065,1	16	1065,1	158	1065,1	0
1066,5	1	1066,5	11	1066,5	165	1066,5	0
1067,9	2	1067,9	13	1067,9	177	1067,9	1
1069,3	2	1069,3	9	1069,3	187	1069,3	0
1070,8	1	1070,8	3	1070,8	195	1070,8	0
1072,2	1	1072,2	7	1072,2	207	1072,2	1
1073,6	0	1073,6	5	1073,6	216	1073,6	1
1075,0	0	1075,0	6	1075,0	230	1075,0	0
1076,5	1	1076,5	6	1076,5	211	1076,5	0
1077,9	0	1077,9	10	1077,9	239	1077,9	0
1079,3	1	1079,3	14	1079,3	224	1079,3	1
1080,7	1	1080,7	9	1080,7	246	1080,7	1
1082,1	1	1082,1	7	1082,1	229	1082,1	1
1083,6	1	1083,6	12	1083,6	244	1083,6	1
1085,0	1	1085,0	7	1085,0	274	1085,0	0
1086,4	1	1086,4	12	1086,4	238	1086,4	2
1087,8	1	1087,8	7	1087,8	279	1087,8	0
1089,3	0	1089,3	8	1089,3	268	1089,3	0
1090,7	0	1090,7	3	1090,7	271	1090,7	3
1092,1	0	1092,1	6	1092,1	292	1092,1	0
1093,5	1	1093,5	5	1093,5	286	1093,5	2
1094,9	3	1094,9	4	1094,9	273	1094,9	0
1096,4	3	1096,4	6	1096,4	287	1096,4	0
1097,8	1	1097,8	1	1097,8	307	1097,8	0
1099,2	0	1099,2	0	1099,2	306	1099,2	1
1100,6	3	1100,6	7	1100,6	348	1100,6	1
1102,1	0	1102,1	8	1102,1	331	1102,1	0
1103,5	0	1103,5	9	1103,5	328	1103,5	1
1104,9	0	1104,9	7	1104,9	320	1104,9	2
1106,3	2	1106,3	2	1106,3	346	1106,3	0
1107,7	0	1107,7	6	1107,7	356	1107,7	1
1109,2	2	1109,2	5	1109,2	356	1109,2	0
1110,6	0	1110,6	3	1110,6	340	1110,6	0
1112,0	2	1112,0	4	1112,0	321	1112,0	2
1113,4	2	1113,4	6	1113,4	350	1113,4	1
1114,9	1	1114,9	5	1114,9	314	1114,9	1
1116,3	1	1116,3	6	1116,3	333	1116,3	1
1117,7	0	1117,7	4	1117,7	354	1117,7	0
1119,1	2	1119,1	9	1119,1	298	1119,1	0
1120,5	1	1120,5	8	1120,5	319	1120,5	0
1122,0	0	1122,0	7	1122,0	292	1122,0	0
1123,4	1	1123,4	10	1123,4	293	1123,4	1
1124,8	2	1124,8	7	1124,8	279	1124,8	1
1126,2	0	1126,2	11	1126,2	242	1126,2	1
1127,7	1	1127,7	2	1127,7	271	1127,7	3
1129,1	0	1129,1	16	1129,1	231	1129,1	1
1130,5	1	1130,5	10	1130,5	241	1130,5	0
1131,9	1	1131,9	10	1131,9	219	1131,9	0
1133,3	0	1133,3	13	1133,3	224	1133,3	0
1134,8	0	1134,8	9	1134,8	214	1134,8	0
1136,2	0	1136,2	17	1136,2	179	1136,2	1
1137,6	0	1137,6	10	1137,6	186	1137,6	1
1139,0	0	1139,0	18	1139,0	170	1139,0	0
1140,4	2	1140,4	23	1140,4	174	1140,4	1
1141,9	0	1141,9	16	1141,9	165	1141,9	2
1143,3	0	1143,3	23	1143,3	144	1143,3	0
1144,7	0	1144,7	18	1144,7	119	1144,7	1
1146,1	0	1146,1	27	1146,1	132	1146,1	0
1147,6	1	1147,6	26	1147,6	114	1147,6	1
1149,0	2	1149,0	30	1149,0	118	1149,0	0
1150,4	0	1150,4	40	1150,4	98	1150,4	1
1151,8	1	1151,8	29	1151,8	87	1151,8	0
1153,2	0	1153,2	33	1153,2	91	1153,2	1
1154,7	0	1154,7	47	1154,7	86	1154,7	0
1156,1	1	1156,1	49	1156,1	83	1156,1	0
1157,5	0	1157,5	50	1157,5	62	1157,5	1
1158,9	0	1158,9	54	1158,9	42	1158,9	0
1160,4	2	1160,4	54	1160,4	69	1160,4	0
1161,8	1	1161,8	54	1161,8	55	1161,8	0
1163,2	3	1163,2	56	1163,2	58	1163,2	0
1164,6	0	1164,6	66	1164,6	54	1164,6	2
1166,0	0	1166,0	58	1166,0	42	1166,0	1
1167,5	2	1167,5	68	1167,5	50	1167,5	0
1168,9	0	1168,9	66	1168,9	43	1168,9	2
1170,3	0	1170,3	57	1170,3	44	1170,3	0
1171,7	0	1171,7	79	1171,7	43	1171,7	0
1173,2	0	1173,2	91	1173,2	43	1173,2	1
1174,6	0	1174,6	80	1174,6	39	1174,6	0
1176,0	0	1176,0	72	1176,0	29	1176,0	0
1177,4	0	1177,4	83	1177,4	42	1177,4	0
1178,8	0	1178,8	92	1178,8	37	1178,8	0
1180,3	1	1180,3	92	1180,3	26	1180,3	0
1181,7	0	1181,7	112	1181,7	46	1181,7	1
1183,1	0	1183,1	95	1183,1	61	1183,1	0
1184,5	1	1184,5	101	1184,5	26	1184,5	0
1186,0	0	1186,0	99	1186,0	40	1186,0	0
1187,4	1	1187,4	101	1187,4	52	1187,4	2
1188,8	1	1188,8	102	1188,8	49	1188,8	0
1190,2	0	1190,2	92	1190,2	58	1190,2	0
1191,6	0	1191,6	117	1191,6	55	1191,6	1
1193,1	0	1193,1	104	1193,1	44	1193,1	1
1194,5	1	1194,5	110	1194,5	77	1194,5	1
1195,9	2	1195,9	105	1195,9	73	1195,9	0
1197,3	1	1197,3	101	1197,3	80	1197,3	2
1198,8	1	1198,8	126	1198,8	77	1198,8	1
1200,2	1	1200,2	110	1200,2	90	1200,2	1
1201,6	0	1201,6	106	1201,6	98	1201,6	0
1203,0	1	1203,0	117	1203,0	104	1203,0	0
1204,4	0	1204,4	90	1204,4	83	1204,4	1
1205,9	0	1205,9	99	1205,9	111	1205,9	0
1207,3	0	1207,3	99	1207,3	107	1207,3	0
1208,7	0	1208,7	111	1208,7	119	1208,7	1
1210,1	1	1210,1	106	1210,1	131	1210,1	0
1211,6	0	1211,6	100	1211,6	127	1211,6	0
1213,0	0	1213,0	106	1213,0	159	1213,0	0
1214,4	0	1214,4	94	1214,4	158	1214,4	1
1215,8	0	1215,8	88	1215,8	158	1215,8	0
1217,2	0	1217,2	93	1217,2	188	1217,2	0
1218,7	1	1218,7	92	1218,7	166	1218,7	2
1220,1	0	1220,1	78	1220,1	169	1220,1	0
1221,5	0	1221,5	79	1221,5	179	1221,5	1
1222,9	0	1222,9	83	1222,9	204	1222,9	1
1224,3	0	1224,3	76	1224,3	199	1224,3	1
1225,8	0	1225,8	62	1225,8	219	1225,8	0
1227,2	0	1227,2	63	1227,2	208	1227,2	1
1228,6	0	1228,6	57	1228,6	241	1228,6	0
1230,0	0	1230,0	54	1230,0	223	1230,0	0
1231,5	0	1231,5	44	1231,5	230	1231,5	0
1232,9	0	1232,9	36	1232,9	238	1232,9	2
1234,3	0	1234,3	36	1234,3	237	1234,3	1
1235,7	0	1235,7	29	1235,7	273	1235,7	1
1237,1	0	1237,1	36	1237,1	251	1237,1	0
1238,6	0	1238,6	22	1238,6	251	1238,6	0
1240,0	1	1240,0	17	1240,0	236	1240,0	0
1241,4	0	1241,4	36	1241,4	275	1241,4	0
1242,8	0	1242,8	26	1242,8	275	1242,8	0
1244,3	1	1244,3	25	1244,3	219	1244,3	0
1245,7	0	1245,7	17	1245,7	277	1245,7	1
1247,1	0	1247,1	15	1247,1	239	1247,1	0
1248,5	0	1248,5	13	1248,5	244	1248,5	0
1249,9	0	1249,9	17	1249,9	259	1249,9	0
1251,4	0	1251,4	13	1251,4	241	1251,4	0
1252,8	0	1252,8	8	1252,8	251	1252,8	0
1254,2	0	1254,2	10	1254,2	225	1254,2	0
1255,6	0	1255,6	8	1255,6	212	1255,6	1
1257,1	0	1257,1	8	1257,1	228	1257,1	0
1258,5	0	1258,5	5	1258,5	213	1258,5	0
1259,9	0	1259,9	7	1259,9	220	1259,9	1
1261,3	0	1261,3	5	1261,3	203	1261,3	0
1262,7	0	1262,7	11	1262,7	220	1262,7	0
1264,2	0	1264,2	9	1264,2	174	1264,2	0
1265,6	1	1265,6	3	1265,6	177	1265,6	1
1267,0	0	1267,0	5	1267,0	165	1267,0	1
1268,4	0	1268,4	6	1268,4	176	1268,4	0
1269,9	1	1269,9	4	1269,9	156	1269,9	0
1271,3	0	1271,3	2	1271,3	142	1271,3	0
1272,7	0	1272,7	3	1272,7	163	1272,7	0
1274,1	0	1274,1	3	1274,1	133	1274,1	0
1275,5	0	1275,5	3	1275,5	137	1275,5	0
1277,0	1	1277,0	3	1277,0	107	1277,0	0
1278,4	0	1278,4	0	1278,4	98	1278,4	0
1279,8	0	1279,8	3	1279,8	104	1279,8	0
1281,2	0	1281,2	2	1281,2	110	1281,2	0
1282,7	0	1282,7	1	1282,7	107	1282,7	0
1284,1	0	1284,1	1	1284,1	88	1284,1	0
1285,5	0	1285,5	2	1285,5	95	1285,5	0
1286,9	1	1286,9	1	1286,9	68	1286,9	0
1288,3	0	1288,3	1	1288,3	61	1288,3	0
1289,8	0	1289,8	3	1289,8	52	1289,8	0
1291,2	0	1291,2	0	1291,2	58	1291,2	0
1292,6	0	1292,6	0	1292,6	49	1292,6	0
1294,0	1	1294,0	1	1294,0	51	1294,0	0
1295,4	0	1295,4	1	1295,4	40	1295,4	0
1296,9	1	1296,9	1	1296,9	41	1296,9	0
1298,3	0	1298,3	2	1298,3	41	1298,3	0
1299,7	0	1299,7	1	1299,7	39	1299,7	0
1301,1	0	1301,1	2	1301,1	32	1301,1	0
1302,6	0	1302,6	0	1302,6	36	1302,6	2
1304,0	0	1304,0	1	1304,0	24	1304,0	0
1305,4	1	1305,4	0	1305,4	26	1305,4	2
1306,8	0	1306,8	2	1306,8	14	1306,8	0
1308,2	0	1308,2	1	1308,2	21	1308,2	0
1309,7	0	1309,7	1	1309,7	25	1309,7	1
1311,1	0	1311,1	2	1311,1	19	1311,1	2
1312,5	0	1312,5	0	1312,5	16	1312,5	0
1313,9	0	1313,9	1	1313,9	8	1313,9	0
1315,4	0	1315,4	2	1315,4	13	1315,4	0
1316,8	1	1316,8	1	1316,8	10	1316,8	0
1318,2	1	1318,2	1	1318,2	10	1318,2	0
1319,6	2	1319,6	1	1319,6	9	1319,6	0
1321,0	0	1321,0	0	1321,0	6	1321,0	0
1322,5	0	1322,5	1	1322,5	9	1322,5	0
1323,9	0	1323,9	0	1323,9	8	1323,9	3
1325,3	0	1325,3	2	1325,3	4	1325,3	0
1326,7	0	1326,7	1	1326,7	8	1326,7	0
1328,2	0	1328,2	2	1328,2	8	1328,2	0
1329,6	2	1329,6	3	1329,6	9	1329,6	0
1331,0	0	1331,0	0	1331,0	7	1331,0	0
1332,4	2	1332,4	1	1332,4	8	1332,4	1
1333,8	0	1333,8	2	1333,8	5	1333,8	1
1335,3	1	1335,3	0	1335,3	6	1335,3	0
1336,7	1	1336,7	0	1336,7	4	1336,7	0
1338,1	1	1338,1	0	1338,1	9	1338,1	1
1339,5	2	1339,5	2	1339,5	8	1339,5	0
1341,0	3	1341,0	1	1341,0	4	1341,0	0
1342,4	1	1342,4	2	1342,4	5	1342,4	1
1343,8	0	1343,8	1	1343,8	3	1343,8	1
1345,2	2	1345,2	2	1345,2	7	1345,2	0
1346,6	0	1346,6	2	1346,6	6	1346,6	1
1348,1	0	1348,1	3	1348,1	6	1348,1	0
1349,5	1	1349,5	0	1349,5	8	1349,5	1
1350,9	1	1350,9	1	1350,9	8	1350,9	1
1352,3	2	1352,3	4	1352,3	5	1352,3	0
1353,8	1	1353,8	2	1353,8	8	1353,8	0
1355,2	0	1355,2	2	1355,2	0	1355,2	0
1356,6	0	1356,6	0	1356,6	6	1356,6	0
1358,0	1	1358,0	4	1358,0	7	1358,0	1
1359,4	0	1359,4	1	1359,4	8	1359,4	2
1360,9	0	1360,9	1	1360,9	4	1360,9	0
1362,3	2	1362,3	1	1362,3	6	1362,3	0
1363,7	3	1363,7	0	1363,7	3	1363,7	0
1365,1	2	1365,1	3	1365,1	4	1365,1	0
1366,5	1	1366,5	1	1366,5	7	1366,5	0
1368,0	3	1368,0	1	1368,0	3	1368,0	0
1369,4	0	1369,4	3	1369,4	4	1369,4	1
1370,8	2	1370,8	0	1370,8	7	1370,8	0
1372,2	0	1372,2	0	1372,2	3	1372,2	0
1373,7	2	1373,7	3	1373,7	7	1373,7	2
1375,1	0	1375,1	0	1375,1	9	1375,1	0
1376,5	1	1376,5	2	1376,5	4	1376,5	1
1377,9	0	1377,9	3	1377,9	4	1377,9	1
1379,3	0	1379,3	2	1379,3	5	1379,3	0
1380,8	0	1380,8	0	1380,8	4	1380,8	1
1382,2	0	1382,2	3	1382,2	5	1382,2	1
1383,6	0	1383,6	1	1383,6	6	1383,6	0
1385,0	0	1385,0	0	1385,0	6	1385,0	0
1386,5	0	1386,5	1	1386,5	5	1386,5	0
1387,9	0	1387,9	2	1387,9	6	1387,9	0
1389,3	0	1389,3	1	1389,3	3	1389,3	0
1390,7	0	1390,7	1	1390,7	3	1390,7	0
1392,1	0	1392,1	1	1392,1	6	1392,1	1
1393,6	2	1393,6	0	1393,6	5	1393,6	2
1395,0	1	1395,0	0	1395,0	2	1395,0	0
1396,4	0	1396,4	1	1396,4	4	1396,4	1
1397,8	0	1397,8	3	1397,8	11	1397,8	0
1399,3	0	1399,3	0	1399,3	2	1399,3	0
1400,7	0	1400,7	2	1400,7	6	1400,7	0
1402,1	0	1402,1	0	1402,1	5	1402,1	1
1403,5	2	1403,5	2	1403,5	4	1403,5	0
1404,9	0	1404,9	1	1404,9	9	1404,9	0
1406,4	0	1406,4	0	1406,4	8	1406,4	0
1407,8	0	1407,8	1	1407,8	9	1407,8	0
1409,2	0	1409,2	0	1409,2	1	1409,2	0
1410,6	1	1410,6	1	1410,6	4	1410,6	0
1412,1	0	1412,1	0	1412,1	6	1412,1	0
1413,5	0	1413,5	0	1413,5	5	1413,5	0
1414,9	1	1414,9	2	1414,9	3	1414,9	0
1416,3	1	1416,3	1	1416,3	6	1416,3	0
1417,7	0	1417,7	0	1417,7	4	1417,7	0
1419,2	0	1419,2	4	1419,2	7	1419,2	0
1420,6	0	1420,6	4	1420,6	2	1420,6	2
1422,0	0	1422,0	0	1422,0	4	1422,0	1
1423,4	0	1423,4	1	1423,4	6	1423,4	1
1424,9	0	1424,9	0	1424,9	1	1424,9	0
1426,3	1	1426,3	3	1426,3	5	1426,3	0
1427,7	0	1427,7	0	1427,7	3	1427,7	0
1429,1	0	1429,1	0	1429,1	4	1429,1	0
1430,5	0	1430,5	1	1430,5	9	1430,5	1
1432,0	0	1432,0	1	1432,0	4	1432,0	0
1433,4	0	1433,4	0	1433,4	3	1433,4	0
1434,8	0	1434,8	1	1434,8	5	1434,8	0
1436,2	0	1436,2	0	1436,2	5	1436,2	0
1437,6	0	1437,6	1	1437,6	0	1437,6	1
1439,1	0	1439,1	0	1439,1	6	1439,1	0
1440,5	1	1440,5	0	1440,5	2	1440,5	0
1441,9	1	1441,9	0	1441,9	6	1441,9	0
1443,3	0	1443,3	1	1443,3	5	1443,3	0
1444,8	0	1444,8	0	1444,8	3	1444,8	0
1446,2	0	1446,2	0	1446,2	5	1446,2	0
1447,6	0	1447,6	1	1447,6	7	1447,6	0
1449,0	0	1449,0	0	1449,0	6	1449,0	0
1450,4	0	1450,4	1	1450,4	6	1450,4	1
1451,9	0	1451,9	0	1451,9	5	1451,9	0
1453,3	0	1453,3	1	1453,3	5	1453,3	0
1454,7	79	1454,7	137	1454,7	1247	1454,7	74
