leer(Barium),A(blei),B,C,D,E
E_A#1 / keV	N_A#1	E_A#2 / keV	N_A#2	E_A#3 / keV	N_A#3	E_A#4 / keV	N_A#4	E_A#5 / keV	N_A#5	E_A#6 / keV	N_A#6
0,0	0	0,0	0	0,0	0	0,0	0	0,0	0	0,0	0
1,0	0	1,0	0	1,0	0	1,0	0	1,0	0	1,0	0
2,1	0	2,1	1	2,1	0	2,1	0	2,1	0	2,1	0
3,1	0	3,1	0	3,1	0	3,1	0	3,1	0	3,1	0
4,2	2	4,2	1	4,2	1	4,2	0	4,2	0	4,2	1
5,2	2	5,2	3	5,2	1	5,2	1	5,2	3	5,2	1
6,2	3	6,2	3	6,2	3	6,2	4	6,2	6	6,2	6
7,3	5	7,3	3	7,3	4	7,3	6	7,3	4	7,3	5
8,3	27	8,3	12	8,3	15	8,3	6	8,3	17	8,3	22
9,3	159	9,3	80	9,3	84	9,3	100	9,3	90	9,3	106
10,4	365	10,4	210	10,4	194	10,4	201	10,4	220	10,4	185
11,4	388	11,4	232	11,4	227	11,4	238	11,4	252	11,4	232
12,5	280	12,5	251	12,5	250	12,5	230	12,5	260	12,5	252
13,5	250	13,5	257	13,5	263	13,5	212	13,5	279	13,5	282
14,5	319	14,5	246	14,5	259	14,5	246	14,5	293	14,5	266
15,6	287	15,6	270	15,6	251	15,6	252	15,6	264	15,6	290
16,6	288	16,6	253	16,6	289	16,6	265	16,6	270	16,6	283
17,7	317	17,7	293	17,7	298	17,7	304	17,7	288	17,7	297
18,7	313	18,7	285	18,7	285	18,7	269	18,7	286	18,7	315
19,7	352	19,7	250	19,7	303	19,7	255	19,7	333	19,7	321
20,8	362	20,8	326	20,8	314	20,8	286	20,8	311	20,8	349
21,8	396	21,8	292	21,8	304	21,8	290	21,8	342	21,8	357
22,9	423	22,9	281	22,9	352	22,9	316	22,9	339	22,9	349
23,9	457	23,9	314	23,9	315	23,9	315	23,9	309	23,9	414
24,9	528	24,9	313	24,9	386	24,9	345	24,9	356	24,9	407
26,0	708	26,0	345	26,0	385	26,0	333	26,0	361	26,0	399
27,0	975	27,0	355	27,0	361	27,0	355	27,0	403	27,0	384
28,0	1406	28,0	352	28,0	413	28,0	392	28,0	401	28,0	398
29,1	2145	29,1	392	29,1	402	29,1	391	29,1	456	29,1	441
30,1	2920	30,1	416	30,1	443	30,1	408	30,1	479	30,1	448
31,2	3620	31,2	379	31,2	437	31,2	404	31,2	471	31,2	427
32,2	3664	32,2	380	32,2	449	32,2	380	32,2	479	32,2	480
33,2	3287	33,2	407	33,2	454	33,2	410	33,2	458	33,2	419
34,3	2690	34,3	399	34,3	398	34,3	354	34,3	387	34,3	401
35,3	2031	35,3	378	35,3	383	35,3	357	35,3	392	35,3	388
36,4	1447	36,4	406	36,4	418	36,4	347	36,4	410	36,4	391
37,4	1032	37,4	383	37,4	393	37,4	313	37,4	424	37,4	382
38,4	764	38,4	382	38,4	417	38,4	372	38,4	439	38,4	360
39,5	623	39,5	405	39,5	376	39,5	380	39,5	397	39,5	444
40,5	492	40,5	395	40,5	416	40,5	362	40,5	418	40,5	338
41,6	439	41,6	399	41,6	385	41,6	353	41,6	405	41,6	360
42,6	407	42,6	402	42,6	378	42,6	402	42,6	426	42,6	386
43,6	445	43,6	348	43,6	373	43,6	347	43,6	390	43,6	395
44,7	424	44,7	376	44,7	355	44,7	395	44,7	382	44,7	375
45,7	378	45,7	395	45,7	401	45,7	412	45,7	366	45,7	408
46,7	410	46,7	362	46,7	458	46,7	377	46,7	375	46,7	418
47,8	441	47,8	380	47,8	484	47,8	405	47,8	420	47,8	376
48,8	414	48,8	388	48,8	520	48,8	401	48,8	421	48,8	405
49,9	396	49,9	365	49,9	476	49,9	422	49,9	390	49,9	426
50,9	390	50,9	390	50,9	478	50,9	463	50,9	403	50,9	389
51,9	413	51,9	360	51,9	549	51,9	503	51,9	433	51,9	363
53,0	397	53,0	389	53,0	550	53,0	505	53,0	434	53,0	425
54,0	403	54,0	417	54,0	541	54,0	554	54,0	421	54,0	381
55,1	434	55,1	391	55,1	494	55,1	489	55,1	447	55,1	373
56,1	393	56,1	385	56,1	456	56,1	482	56,1	421	56,1	420
57,1	439	57,1	397	57,1	459	57,1	448	57,1	437	57,1	404
58,2	383	58,2	363	58,2	431	58,2	402	58,2	536	58,2	403
59,2	382	59,2	441	59,2	445	59,2	409	59,2	532	59,2	383
60,3	402	60,3	501	60,3	400	60,3	367	60,3	511	60,3	398
61,3	393	61,3	475	61,3	403	61,3	382	61,3	530	61,3	394
62,3	409	62,3	555	62,3	363	62,3	399	62,3	469	62,3	370
63,4	366	63,4	576	63,4	409	63,4	359	63,4	442	63,4	415
64,4	385	64,4	556	64,4	361	64,4	369	64,4	475	64,4	395
65,4	389	65,4	581	65,4	373	65,4	372	65,4	493	65,4	362
66,5	380	66,5	601	66,5	367	66,5	348	66,5	459	66,5	393
67,5	415	67,5	542	67,5	376	67,5	339	67,5	441	67,5	404
68,6	381	68,6	552	68,6	374	68,6	355	68,6	397	68,6	401
69,6	354	69,6	560	69,6	361	69,6	336	69,6	433	69,6	402
70,6	412	70,6	504	70,6	365	70,6	350	70,6	413	70,6	370
71,7	382	71,7	516	71,7	337	71,7	314	71,7	422	71,7	389
72,7	385	72,7	469	72,7	386	72,7	343	72,7	350	72,7	394
73,8	388	73,8	482	73,8	375	73,8	305	73,8	384	73,8	350
74,8	398	74,8	431	74,8	355	74,8	307	74,8	396	74,8	382
75,8	390	75,8	385	75,8	385	75,8	328	75,8	376	75,8	374
76,9	373	76,9	437	76,9	370	76,9	345	76,9	400	76,9	438
77,9	403	77,9	388	77,9	339	77,9	325	77,9	388	77,9	329
79,0	370	79,0	415	79,0	335	79,0	337	79,0	376	79,0	376
80,0	371	80,0	351	80,0	351	80,0	314	80,0	385	80,0	360
81,0	376	81,0	355	81,0	362	81,0	335	81,0	383	81,0	395
82,1	412	82,1	372	82,1	365	82,1	352	82,1	339	82,1	372
83,1	365	83,1	372	83,1	351	83,1	305	83,1	403	83,1	380
84,1	369	84,1	324	84,1	347	84,1	341	84,1	360	84,1	397
85,2	375	85,2	357	85,2	368	85,2	319	85,2	353	85,2	397
86,2	400	86,2	343	86,2	360	86,2	327	86,2	373	86,2	381
87,3	387	87,3	344	87,3	385	87,3	314	87,3	364	87,3	425
88,3	382	88,3	342	88,3	358	88,3	294	88,3	358	88,3	406
89,3	403	89,3	360	89,3	411	89,3	374	89,3	396	89,3	364
90,4	399	90,4	357	90,4	373	90,4	345	90,4	351	90,4	405
91,4	375	91,4	355	91,4	396	91,4	340	91,4	396	91,4	406
92,5	409	92,5	353	92,5	355	92,5	329	92,5	371	92,5	386
93,5	372	93,5	349	93,5	371	93,5	308	93,5	401	93,5	410
94,5	428	94,5	375	94,5	358	94,5	347	94,5	396	94,5	431
95,6	381	95,6	340	95,6	368	95,6	339	95,6	392	95,6	424
96,6	357	96,6	364	96,6	399	96,6	328	96,6	361	96,6	359
97,7	433	97,7	358	97,7	384	97,7	356	97,7	374	97,7	403
98,7	388	98,7	365	98,7	368	98,7	325	98,7	401	98,7	406
99,7	341	99,7	349	99,7	370	99,7	338	99,7	387	99,7	416
100,8	434	100,8	395	100,8	412	100,8	352	100,8	422	100,8	370
101,8	390	101,8	365	101,8	386	101,8	346	101,8	383	101,8	391
102,8	391	102,8	343	102,8	376	102,8	349	102,8	417	102,8	402
103,9	403	103,9	345	103,9	390	103,9	344	103,9	417	103,9	408
104,9	370	104,9	342	104,9	389	104,9	318	104,9	411	104,9	431
106,0	416	106,0	363	106,0	372	106,0	331	106,0	408	106,0	434
107,0	365	107,0	380	107,0	428	107,0	366	107,0	405	107,0	446
108,0	379	108,0	369	108,0	381	108,0	373	108,0	376	108,0	420
109,1	380	109,1	317	109,1	402	109,1	334	109,1	390	109,1	395
110,1	374	110,1	352	110,1	378	110,1	364	110,1	379	110,1	448
111,2	344	111,2	338	111,2	377	111,2	370	111,2	414	111,2	421
112,2	414	112,2	353	112,2	378	112,2	344	112,2	427	112,2	398
113,2	371	113,2	339	113,2	396	113,2	345	113,2	404	113,2	406
114,3	430	114,3	345	114,3	401	114,3	349	114,3	402	114,3	461
115,3	351	115,3	366	115,3	396	115,3	369	115,3	400	115,3	443
116,4	392	116,4	351	116,4	394	116,4	384	116,4	377	116,4	422
117,4	386	117,4	372	117,4	415	117,4	362	117,4	396	117,4	444
118,4	382	118,4	349	118,4	374	118,4	360	118,4	405	118,4	387
119,5	407	119,5	326	119,5	377	119,5	313	119,5	390	119,5	447
120,5	401	120,5	398	120,5	410	120,5	366	120,5	418	120,5	414
121,5	368	121,5	359	121,5	408	121,5	332	121,5	394	121,5	407
122,6	376	122,6	341	122,6	390	122,6	301	122,6	409	122,6	433
123,6	356	123,6	362	123,6	400	123,6	314	123,6	407	123,6	395
124,7	419	124,7	367	124,7	357	124,7	358	124,7	409	124,7	428
125,7	405	125,7	345	125,7	447	125,7	334	125,7	409	125,7	437
126,7	386	126,7	383	126,7	387	126,7	347	126,7	415	126,7	412
127,8	412	127,8	316	127,8	380	127,8	345	127,8	378	127,8	417
128,8	413	128,8	337	128,8	393	128,8	375	128,8	406	128,8	441
129,9	395	129,9	359	129,9	435	129,9	334	129,9	415	129,9	410
130,9	414	130,9	382	130,9	425	130,9	356	130,9	408	130,9	443
131,9	426	131,9	378	131,9	437	131,9	377	131,9	395	131,9	431
133,0	428	133,0	357	133,0	417	133,0	338	133,0	425	133,0	397
134,0	402	134,0	344	134,0	392	134,0	364	134,0	401	134,0	385
135,1	375	135,1	374	135,1	438	135,1	330	135,1	380	135,1	408
136,1	414	136,1	354	136,1	420	136,1	393	136,1	425	136,1	413
137,1	438	137,1	374	137,1	425	137,1	357	137,1	430	137,1	430
138,2	439	138,2	380	138,2	460	138,2	383	138,2	472	138,2	486
139,2	500	139,2	373	139,2	440	139,2	409	139,2	478	139,2	493
140,2	494	140,2	420	140,2	524	140,2	421	140,2	488	140,2	542
141,3	507	141,3	436	141,3	511	141,3	400	141,3	499	141,3	467
142,3	524	142,3	434	142,3	465	142,3	403	142,3	510	142,3	529
143,4	556	143,4	419	143,4	511	143,4	393	143,4	520	143,4	555
144,4	534	144,4	449	144,4	500	144,4	441	144,4	534	144,4	534
145,4	555	145,4	459	145,4	505	145,4	469	145,4	540	145,4	538
146,5	574	146,5	440	146,5	590	146,5	453	146,5	564	146,5	596
147,5	566	147,5	486	147,5	526	147,5	440	147,5	561	147,5	600
148,6	667	148,6	487	148,6	588	148,6	405	148,6	565	148,6	591
149,6	642	149,6	444	149,6	575	149,6	473	149,6	599	149,6	593
150,6	652	150,6	505	150,6	595	150,6	464	150,6	600	150,6	639
151,7	606	151,7	451	151,7	569	151,7	478	151,7	554	151,7	650
152,7	591	152,7	462	152,7	577	152,7	465	152,7	603	152,7	618
153,8	615	153,8	494	153,8	577	153,8	454	153,8	544	153,8	603
154,8	590	154,8	473	154,8	550	154,8	427	154,8	587	154,8	614
155,8	570	155,8	467	155,8	521	155,8	441	155,8	558	155,8	622
156,9	611	156,9	457	156,9	490	156,9	410	156,9	542	156,9	593
157,9	605	157,9	501	157,9	519	157,9	410	157,9	552	157,9	556
158,9	598	158,9	427	158,9	507	158,9	403	158,9	546	158,9	531
160,0	512	160,0	450	160,0	543	160,0	417	160,0	519	160,0	571
161,0	529	161,0	416	161,0	501	161,0	395	161,0	465	161,0	533
162,1	503	162,1	405	162,1	521	162,1	369	162,1	507	162,1	535
163,1	496	163,1	386	163,1	471	163,1	428	163,1	488	163,1	471
164,1	498	164,1	422	164,1	488	164,1	387	164,1	467	164,1	476
165,2	490	165,2	441	165,2	466	165,2	364	165,2	473	165,2	477
166,2	466	166,2	401	166,2	468	166,2	386	166,2	412	166,2	480
167,3	457	167,3	408	167,3	480	167,3	388	167,3	450	167,3	482
168,3	456	168,3	405	168,3	490	168,3	381	168,3	462	168,3	457
169,3	519	169,3	439	169,3	467	169,3	386	169,3	467	169,3	473
170,4	477	170,4	424	170,4	430	170,4	344	170,4	439	170,4	451
171,4	428	171,4	362	171,4	417	171,4	365	171,4	402	171,4	414
172,5	433	172,5	368	172,5	438	172,5	374	172,5	405	172,5	454
173,5	435	173,5	393	173,5	391	173,5	349	173,5	434	173,5	441
174,5	413	174,5	348	174,5	430	174,5	355	174,5	386	174,5	432
175,6	421	175,6	352	175,6	392	175,6	355	175,6	364	175,6	438
176,6	417	176,6	382	176,6	409	176,6	356	176,6	382	176,6	424
177,6	426	177,6	368	177,6	416	177,6	372	177,6	413	177,6	413
178,7	411	178,7	352	178,7	405	178,7	360	178,7	434	178,7	403
179,7	385	179,7	339	179,7	397	179,7	345	179,7	397	179,7	445
180,8	376	180,8	413	180,8	399	180,8	351	180,8	418	180,8	425
181,8	411	181,8	411	181,8	394	181,8	337	181,8	399	181,8	422
182,8	396	182,8	362	182,8	377	182,8	352	182,8	400	182,8	407
183,9	379	183,9	363	183,9	384	183,9	370	183,9	400	183,9	439
184,9	426	184,9	361	184,9	373	184,9	325	184,9	385	184,9	410
186,0	400	186,0	372	186,0	361	186,0	355	186,0	419	186,0	397
187,0	381	187,0	350	187,0	353	187,0	343	187,0	392	187,0	379
188,0	398	188,0	381	188,0	389	188,0	291	188,0	375	188,0	385
189,1	372	189,1	383	189,1	412	189,1	345	189,1	391	189,1	403
190,1	358	190,1	329	190,1	398	190,1	345	190,1	410	190,1	415
191,1	370	191,1	349	191,1	361	191,1	339	191,1	378	191,1	409
192,2	368	192,2	363	192,2	369	192,2	288	192,2	392	192,2	376
193,2	351	193,2	323	193,2	355	193,2	329	193,2	400	193,2	395
194,3	332	194,3	331	194,3	338	194,3	297	194,3	379	194,3	374
195,3	354	195,3	369	195,3	374	195,3	313	195,3	383	195,3	371
196,3	383	196,3	358	196,3	364	196,3	344	196,3	394	196,3	390
197,4	325	197,4	325	197,4	361	197,4	339	197,4	377	197,4	394
198,4	349	198,4	349	198,4	343	198,4	338	198,4	359	198,4	383
199,5	354	199,5	353	199,5	394	199,5	323	199,5	360	199,5	382
200,5	367	200,5	349	200,5	383	200,5	354	200,5	365	200,5	415
201,5	332	201,5	349	201,5	363	201,5	328	201,5	369	201,5	358
202,6	354	202,6	325	202,6	360	202,6	336	202,6	362	202,6	374
203,6	317	203,6	346	203,6	356	203,6	326	203,6	359	203,6	391
204,7	325	204,7	369	204,7	362	204,7	300	204,7	364	204,7	341
205,7	320	205,7	335	205,7	356	205,7	299	205,7	320	205,7	368
206,7	335	206,7	317	206,7	321	206,7	335	206,7	348	206,7	384
207,8	331	207,8	322	207,8	376	207,8	337	207,8	347	207,8	345
208,8	305	208,8	309	208,8	374	208,8	317	208,8	373	208,8	341
209,8	339	209,8	352	209,8	339	209,8	335	209,8	350	209,8	378
210,9	343	210,9	359	210,9	343	210,9	337	210,9	334	210,9	361
211,9	338	211,9	313	211,9	353	211,9	330	211,9	392	211,9	385
213,0	321	213,0	357	213,0	349	213,0	330	213,0	362	213,0	374
214,0	318	214,0	325	214,0	341	214,0	316	214,0	365	214,0	376
215,0	338	215,0	332	215,0	361	215,0	337	215,0	350	215,0	382
216,1	310	216,1	298	216,1	362	216,1	334	216,1	366	216,1	374
217,1	325	217,1	331	217,1	356	217,1	339	217,1	378	217,1	373
218,2	333	218,2	331	218,2	354	218,2	349	218,2	343	218,2	370
219,2	336	219,2	331	219,2	351	219,2	336	219,2	356	219,2	366
220,2	348	220,2	306	220,2	360	220,2	304	220,2	389	220,2	342
221,3	337	221,3	326	221,3	367	221,3	325	221,3	326	221,3	388
222,3	325	222,3	311	222,3	348	222,3	349	222,3	326	222,3	320
223,4	317	223,4	323	223,4	353	223,4	305	223,4	382	223,4	360
224,4	309	224,4	330	224,4	346	224,4	351	224,4	330	224,4	324
225,4	315	225,4	346	225,4	347	225,4	304	225,4	378	225,4	334
226,5	330	226,5	322	226,5	331	226,5	332	226,5	345	226,5	360
227,5	315	227,5	333	227,5	331	227,5	334	227,5	340	227,5	336
228,5	330	228,5	273	228,5	352	228,5	311	228,5	358	228,5	359
229,6	350	229,6	338	229,6	365	229,6	313	229,6	380	229,6	332
230,6	323	230,6	331	230,6	313	230,6	355	230,6	342	230,6	360
231,7	333	231,7	316	231,7	347	231,7	304	231,7	332	231,7	324
232,7	338	232,7	306	232,7	334	232,7	327	232,7	330	232,7	351
233,7	325	233,7	318	233,7	322	233,7	315	233,7	362	233,7	331
234,8	327	234,8	307	234,8	331	234,8	330	234,8	354	234,8	350
235,8	364	235,8	357	235,8	338	235,8	327	235,8	323	235,8	351
236,9	319	236,9	328	236,9	334	236,9	304	236,9	365	236,9	369
237,9	322	237,9	353	237,9	333	237,9	293	237,9	294	237,9	375
238,9	314	238,9	304	238,9	374	238,9	310	238,9	347	238,9	367
240,0	325	240,0	335	240,0	348	240,0	302	240,0	325	240,0	328
241,0	311	241,0	313	241,0	316	241,0	320	241,0	344	241,0	344
242,1	332	242,1	296	242,1	324	242,1	331	242,1	350	242,1	328
243,1	325	243,1	304	243,1	342	243,1	351	243,1	324	243,1	347
244,1	316	244,1	318	244,1	345	244,1	331	244,1	337	244,1	348
245,2	333	245,2	322	245,2	337	245,2	291	245,2	356	245,2	339
246,2	319	246,2	341	246,2	364	246,2	301	246,2	314	246,2	306
247,2	300	247,2	305	247,2	320	247,2	289	247,2	318	247,2	355
248,3	315	248,3	304	248,3	332	248,3	301	248,3	344	248,3	334
249,3	302	249,3	316	249,3	323	249,3	294	249,3	319	249,3	371
250,4	313	250,4	310	250,4	295	250,4	325	250,4	343	250,4	347
251,4	313	251,4	321	251,4	336	251,4	325	251,4	326	251,4	352
252,4	364	252,4	318	252,4	333	252,4	301	252,4	314	252,4	352
253,5	316	253,5	306	253,5	350	253,5	297	253,5	306	253,5	347
254,5	328	254,5	299	254,5	333	254,5	304	254,5	363	254,5	330
255,6	350	255,6	329	255,6	345	255,6	312	255,6	341	255,6	359
256,6	300	256,6	298	256,6	338	256,6	302	256,6	342	256,6	354
257,6	318	257,6	308	257,6	335	257,6	293	257,6	344	257,6	361
258,7	315	258,7	323	258,7	318	258,7	316	258,7	337	258,7	329
259,7	342	259,7	311	259,7	358	259,7	313	259,7	350	259,7	317
260,8	300	260,8	320	260,8	337	260,8	321	260,8	339	260,8	354
261,8	338	261,8	315	261,8	344	261,8	308	261,8	354	261,8	348
262,8	353	262,8	345	262,8	311	262,8	298	262,8	326	262,8	311
263,9	322	263,9	316	263,9	326	263,9	318	263,9	305	263,9	382
264,9	316	264,9	307	264,9	351	264,9	312	264,9	304	264,9	335
265,9	339	265,9	288	265,9	318	265,9	276	265,9	375	265,9	355
267,0	341	267,0	307	267,0	339	267,0	301	267,0	342	267,0	302
268,0	317	268,0	316	268,0	349	268,0	294	268,0	334	268,0	321
269,1	289	269,1	286	269,1	314	269,1	295	269,1	319	269,1	329
270,1	291	270,1	279	270,1	341	270,1	320	270,1	326	270,1	346
271,1	330	271,1	332	271,1	323	271,1	325	271,1	324	271,1	335
272,2	347	272,2	294	272,2	351	272,2	323	272,2	347	272,2	363
273,2	302	273,2	353	273,2	346	273,2	318	273,2	325	273,2	340
274,3	359	274,3	314	274,3	307	274,3	322	274,3	349	274,3	348
275,3	338	275,3	315	275,3	349	275,3	314	275,3	333	275,3	345
276,3	321	276,3	316	276,3	335	276,3	300	276,3	351	276,3	307
277,4	319	277,4	322	277,4	370	277,4	313	277,4	330	277,4	330
278,4	320	278,4	321	278,4	332	278,4	298	278,4	356	278,4	333
279,5	349	279,5	323	279,5	347	279,5	326	279,5	327	279,5	318
280,5	329	280,5	324	280,5	379	280,5	328	280,5	335	280,5	338
281,5	336	281,5	329	281,5	298	281,5	282	281,5	326	281,5	360
282,6	338	282,6	308	282,6	339	282,6	330	282,6	323	282,6	360
283,6	316	283,6	323	283,6	348	283,6	315	283,6	350	283,6	367
284,6	333	284,6	357	284,6	348	284,6	345	284,6	319	284,6	343
285,7	361	285,7	345	285,7	339	285,7	300	285,7	329	285,7	349
286,7	332	286,7	365	286,7	348	286,7	339	286,7	366	286,7	339
287,8	343	287,8	325	287,8	349	287,8	342	287,8	347	287,8	357
288,8	312	288,8	329	288,8	340	288,8	353	288,8	386	288,8	353
289,8	322	289,8	299	289,8	341	289,8	293	289,8	377	289,8	309
290,9	333	290,9	314	290,9	373	290,9	329	290,9	365	290,9	367
291,9	354	291,9	316	291,9	348	291,9	330	291,9	377	291,9	388
293,0	383	293,0	339	293,0	357	293,0	307	293,0	330	293,0	338
294,0	334	294,0	332	294,0	319	294,0	290	294,0	345	294,0	391
295,0	370	295,0	331	295,0	390	295,0	321	295,0	373	295,0	352
296,1	365	296,1	313	296,1	342	296,1	319	296,1	347	296,1	342
297,1	340	297,1	323	297,1	360	297,1	330	297,1	381	297,1	340
298,2	353	298,2	316	298,2	344	298,2	332	298,2	351	298,2	398
299,2	374	299,2	296	299,2	343	299,2	333	299,2	325	299,2	360
300,2	393	300,2	367	300,2	367	300,2	335	300,2	370	300,2	369
301,3	374	301,3	310	301,3	343	301,3	354	301,3	350	301,3	367
302,3	363	302,3	320	302,3	379	302,3	352	302,3	398	302,3	339
303,3	329	303,3	329	303,3	366	303,3	326	303,3	342	303,3	388
304,4	356	304,4	327	304,4	334	304,4	328	304,4	344	304,4	377
305,4	409	305,4	344	305,4	351	305,4	320	305,4	347	305,4	336
306,5	374	306,5	346	306,5	357	306,5	355	306,5	344	306,5	325
307,5	357	307,5	324	307,5	374	307,5	356	307,5	371	307,5	354
308,5	363	308,5	335	308,5	352	308,5	317	308,5	361	308,5	375
309,6	363	309,6	324	309,6	392	309,6	372	309,6	366	309,6	378
310,6	361	310,6	336	310,6	368	310,6	352	310,6	385	310,6	370
311,7	390	311,7	346	311,7	355	311,7	326	311,7	352	311,7	358
312,7	363	312,7	341	312,7	346	312,7	338	312,7	348	312,7	372
313,7	362	313,7	334	313,7	379	313,7	350	313,7	397	313,7	355
314,8	355	314,8	332	314,8	342	314,8	352	314,8	361	314,8	374
315,8	356	315,8	338	315,8	375	315,8	318	315,8	366	315,8	405
316,9	417	316,9	345	316,9	373	316,9	338	316,9	354	316,9	357
317,9	406	317,9	338	317,9	372	317,9	317	317,9	356	317,9	369
318,9	377	318,9	363	318,9	399	318,9	319	318,9	392	318,9	382
320,0	394	320,0	316	320,0	380	320,0	321	320,0	367	320,0	388
321,0	374	321,0	340	321,0	339	321,0	297	321,0	330	321,0	356
322,0	387	322,0	317	322,0	356	322,0	306	322,0	375	322,0	376
323,1	359	323,1	332	323,1	363	323,1	340	323,1	355	323,1	333
324,1	365	324,1	297	324,1	365	324,1	309	324,1	347	324,1	335
325,2	362	325,2	321	325,2	363	325,2	309	325,2	340	325,2	355
326,2	378	326,2	330	326,2	321	326,2	293	326,2	342	326,2	375
327,2	335	327,2	345	327,2	312	327,2	321	327,2	376	327,2	372
328,3	357	328,3	308	328,3	336	328,3	302	328,3	329	328,3	348
329,3	356	329,3	320	329,3	367	329,3	287	329,3	308	329,3	334
330,4	336	330,4	326	330,4	342	330,4	311	330,4	314	330,4	312
331,4	337	331,4	305	331,4	305	331,4	309	331,4	337	331,4	297
332,4	303	332,4	286	332,4	324	332,4	272	332,4	354	332,4	335
333,5	313	333,5	299	333,5	309	333,5	264	333,5	332	333,5	293
334,5	316	334,5	284	334,5	294	334,5	270	334,5	300	334,5	295
335,6	321	335,6	263	335,6	263	335,6	306	335,6	303	335,6	278
336,6	317	336,6	277	336,6	306	336,6	249	336,6	256	336,6	303
337,6	285	337,6	291	337,6	273	337,6	224	337,6	274	337,6	289
338,7	248	338,7	233	338,7	240	338,7	259	338,7	259	338,7	270
339,7	278	339,7	226	339,7	259	339,7	221	339,7	271	339,7	251
340,7	258	340,7	215	340,7	220	340,7	232	340,7	235	340,7	240
341,8	247	341,8	220	341,8	226	341,8	233	341,8	254	341,8	244
342,8	223	342,8	243	342,8	220	342,8	205	342,8	239	342,8	235
343,9	218	343,9	220	343,9	217	343,9	203	343,9	207	343,9	201
344,9	198	344,9	206	344,9	183	344,9	225	344,9	220	344,9	212
345,9	202	345,9	180	345,9	170	345,9	190	345,9	205	345,9	203
347,0	190	347,0	156	347,0	173	347,0	171	347,0	174	347,0	188
348,0	179	348,0	186	348,0	185	348,0	199	348,0	188	348,0	178
349,1	182	349,1	161	349,1	164	349,1	190	349,1	161	349,1	186
350,1	173	350,1	173	350,1	166	350,1	170	350,1	164	350,1	191
351,1	148	351,1	149	351,1	171	351,1	136	351,1	167	351,1	177
352,2	155	352,2	158	352,2	139	352,2	145	352,2	143	352,2	178
353,2	164	353,2	162	353,2	161	353,2	142	353,2	143	353,2	150
354,2	140	354,2	163	354,2	154	354,2	141	354,2	153	354,2	138
355,3	137	355,3	132	355,3	131	355,3	144	355,3	153	355,3	124
356,3	137	356,3	122	356,3	145	356,3	140	356,3	137	356,3	127
357,4	115	357,4	128	357,4	128	357,4	112	357,4	143	357,4	142
358,4	129	358,4	104	358,4	128	358,4	118	358,4	116	358,4	102
359,4	121	359,4	119	359,4	120	359,4	119	359,4	117	359,4	113
360,5	102	360,5	122	360,5	110	360,5	126	360,5	115	360,5	123
361,5	100	361,5	112	361,5	126	361,5	116	361,5	104	361,5	91
362,6	86	362,6	87	362,6	105	362,6	106	362,6	107	362,6	88
363,6	82	363,6	108	363,6	115	363,6	99	363,6	102	363,6	99
364,6	93	364,6	81	364,6	97	364,6	119	364,6	94	364,6	95
365,7	84	365,7	83	365,7	88	365,7	103	365,7	106	365,7	92
366,7	91	366,7	100	366,7	110	366,7	89	366,7	85	366,7	79
367,8	85	367,8	98	367,8	96	367,8	86	367,8	93	367,8	92
368,8	81	368,8	75	368,8	95	368,8	92	368,8	86	368,8	95
369,8	69	369,8	89	369,8	88	369,8	90	369,8	89	369,8	81
370,9	68	370,9	96	370,9	73	370,9	99	370,9	82	370,9	80
371,9	91	371,9	94	371,9	66	371,9	87	371,9	82	371,9	74
372,9	71	372,9	88	372,9	80	372,9	84	372,9	88	372,9	89
374,0	68	374,0	82	374,0	75	374,0	77	374,0	70	374,0	79
375,0	68	375,0	76	375,0	74	375,0	77	375,0	71	375,0	55
376,1	59	376,1	86	376,1	74	376,1	76	376,1	70	376,1	76
377,1	60	377,1	59	377,1	67	377,1	62	377,1	65	377,1	68
378,1	74	378,1	73	378,1	71	378,1	63	378,1	55	378,1	75
379,2	47	379,2	80	379,2	63	379,2	72	379,2	63	379,2	74
380,2	54	380,2	78	380,2	46	380,2	75	380,2	71	380,2	73
381,3	59	381,3	82	381,3	71	381,3	63	381,3	71	381,3	61
382,3	54	382,3	68	382,3	67	382,3	70	382,3	54	382,3	56
383,3	41	383,3	73	383,3	57	383,3	72	383,3	70	383,3	55
384,4	40	384,4	58	384,4	59	384,4	50	384,4	55	384,4	56
385,4	46	385,4	73	385,4	49	385,4	59	385,4	67	385,4	68
386,5	47	386,5	84	386,5	62	386,5	80	386,5	59	386,5	61
387,5	40	387,5	65	387,5	57	387,5	66	387,5	61	387,5	60
388,5	34	388,5	71	388,5	52	388,5	58	388,5	62	388,5	41
389,6	39	389,6	58	389,6	50	389,6	59	389,6	54	389,6	59
390,6	38	390,6	78	390,6	68	390,6	60	390,6	42	390,6	49
391,6	38	391,6	55	391,6	51	391,6	63	391,6	46	391,6	60
392,7	39	392,7	57	392,7	52	392,7	55	392,7	49	392,7	62
393,7	34	393,7	59	393,7	47	393,7	63	393,7	51	393,7	58
394,8	34	394,8	61	394,8	65	394,8	58	394,8	71	394,8	49
395,8	31	395,8	58	395,8	51	395,8	53	395,8	58	395,8	36
396,8	27	396,8	57	396,8	45	396,8	60	396,8	43	396,8	37
397,9	37	397,9	53	397,9	54	397,9	57	397,9	60	397,9	47
398,9	33	398,9	59	398,9	51	398,9	52	398,9	43	398,9	54
400,0	38	400,0	57	400,0	37	400,0	56	400,0	32	400,0	35
401,0	27	401,0	45	401,0	39	401,0	36	401,0	40	401,0	45
402,0	30	402,0	45	402,0	59	402,0	50	402,0	41	402,0	27
403,1	17	403,1	38	403,1	38	403,1	35	403,1	42	403,1	36
404,1	29	404,1	45	404,1	49	404,1	50	404,1	35	404,1	38
405,2	20	405,2	44	405,2	55	405,2	65	405,2	29	405,2	39
406,2	25	406,2	45	406,2	36	406,2	43	406,2	55	406,2	35
407,2	22	407,2	49	407,2	48	407,2	53	407,2	35	407,2	31
408,3	20	408,3	45	408,3	34	408,3	58	408,3	44	408,3	47
409,3	36	409,3	38	409,3	36	409,3	51	409,3	26	409,3	31
410,3	25	410,3	36	410,3	43	410,3	44	410,3	39	410,3	41
411,4	21	411,4	54	411,4	44	411,4	55	411,4	48	411,4	46
412,4	24	412,4	50	412,4	45	412,4	40	412,4	34	412,4	49
413,5	28	413,5	43	413,5	43	413,5	45	413,5	29	413,5	26
414,5	21	414,5	43	414,5	38	414,5	37	414,5	32	414,5	40
415,5	16	415,5	43	415,5	43	415,5	50	415,5	46	415,5	33
416,6	18	416,6	34	416,6	34	416,6	38	416,6	38	416,6	50
417,6	29	417,6	50	417,6	44	417,6	59	417,6	36	417,6	37
418,7	30	418,7	38	418,7	40	418,7	53	418,7	30	418,7	32
419,7	25	419,7	45	419,7	38	419,7	57	419,7	35	419,7	46
420,7	21	420,7	40	420,7	42	420,7	49	420,7	26	420,7	41
421,8	17	421,8	41	421,8	44	421,8	59	421,8	34	421,8	43
422,8	30	422,8	46	422,8	36	422,8	47	422,8	36	422,8	38
423,9	29	423,9	35	423,9	37	423,9	51	423,9	44	423,9	32
424,9	18	424,9	41	424,9	43	424,9	50	424,9	30	424,9	44
425,9	36	425,9	55	425,9	40	425,9	35	425,9	43	425,9	48
427,0	26	427,0	46	427,0	36	427,0	46	427,0	51	427,0	32
428,0	30	428,0	45	428,0	37	428,0	46	428,0	42	428,0	48
429,0	37	429,0	51	429,0	48	429,0	45	429,0	48	429,0	35
430,1	48	430,1	49	430,1	39	430,1	55	430,1	47	430,1	53
431,1	40	431,1	50	431,1	45	431,1	60	431,1	58	431,1	68
432,2	46	432,2	56	432,2	52	432,2	49	432,2	56	432,2	60
433,2	35	433,2	55	433,2	55	433,2	67	433,2	59	433,2	47
434,2	59	434,2	76	434,2	74	434,2	63	434,2	66	434,2	65
435,3	48	435,3	81	435,3	62	435,3	62	435,3	72	435,3	86
436,3	67	436,3	69	436,3	88	436,3	77	436,3	78	436,3	70
437,4	69	437,4	80	437,4	75	437,4	93	437,4	89	437,4	81
438,4	85	438,4	89	438,4	99	438,4	89	438,4	105	438,4	101
439,4	92	439,4	93	439,4	102	439,4	100	439,4	108	439,4	112
440,5	115	440,5	121	440,5	145	440,5	92	440,5	133	440,5	144
441,5	106	441,5	117	441,5	144	441,5	133	441,5	127	441,5	143
442,6	138	442,6	144	442,6	139	442,6	135	442,6	160	442,6	167
443,6	165	443,6	148	443,6	177	443,6	162	443,6	164	443,6	155
444,6	171	444,6	132	444,6	182	444,6	174	444,6	188	444,6	181
445,7	202	445,7	214	445,7	228	445,7	191	445,7	208	445,7	186
446,7	212	446,7	232	446,7	214	446,7	207	446,7	249	446,7	264
447,7	232	447,7	225	447,7	244	447,7	236	447,7	239	447,7	239
448,8	285	448,8	259	448,8	319	448,8	297	448,8	312	448,8	324
449,8	301	449,8	241	449,8	305	449,8	290	449,8	305	449,8	309
450,9	329	450,9	297	450,9	373	450,9	321	450,9	362	450,9	383
451,9	396	451,9	341	451,9	345	451,9	322	451,9	375	451,9	417
452,9	395	452,9	381	452,9	400	452,9	351	452,9	385	452,9	437
454,0	430	454,0	404	454,0	464	454,0	382	454,0	450	454,0	456
455,0	509	455,0	394	455,0	493	455,0	452	455,0	532	455,0	494
456,1	592	456,1	512	456,1	548	456,1	462	456,1	533	456,1	550
457,1	566	457,1	501	457,1	563	457,1	492	457,1	605	457,1	579
458,1	627	458,1	602	458,1	558	458,1	500	458,1	676	458,1	663
459,2	667	459,2	601	459,2	682	459,2	566	459,2	735	459,2	727
460,2	721	460,2	660	460,2	710	460,2	585	460,2	716	460,2	738
461,3	777	461,3	665	461,3	768	461,3	678	461,3	774	461,3	800
462,3	817	462,3	717	462,3	829	462,3	690	462,3	837	462,3	859
463,3	901	463,3	812	463,3	893	463,3	714	463,3	894	463,3	864
464,4	909	464,4	814	464,4	917	464,4	767	464,4	921	464,4	937
465,4	1018	465,4	813	465,4	959	465,4	780	465,4	1017	465,4	1019
466,4	1007	466,4	921	466,4	1005	466,4	906	466,4	999	466,4	1075
467,5	1086	467,5	940	467,5	1057	467,5	913	467,5	1155	467,5	1056
468,5	1164	468,5	913	468,5	1066	468,5	978	468,5	1100	468,5	1112
469,6	1149	469,6	1021	469,6	1152	469,6	913	469,6	1107	469,6	1112
470,6	1134	470,6	1070	470,6	1124	470,6	997	470,6	1189	470,6	1116
471,6	1168	471,6	991	471,6	1088	471,6	1016	471,6	1199	471,6	1167
472,7	1208	472,7	1083	472,7	1154	472,7	954	472,7	1087	472,7	1139
473,7	1248	473,7	1052	473,7	1120	473,7	1002	473,7	1216	473,7	1158
474,8	1147	474,8	1011	474,8	1163	474,8	950	474,8	1217	474,8	1187
475,8	1266	475,8	1049	475,8	1163	475,8	1006	475,8	1148	475,8	1174
476,8	1194	476,8	1027	476,8	1157	476,8	994	476,8	1146	476,8	1137
477,9	1125	477,9	1049	477,9	1146	477,9	987	477,9	1110	477,9	1131
478,9	1188	478,9	991	478,9	1138	478,9	910	478,9	1106	478,9	1114
480,0	1200	480,0	1074	480,0	1151	480,0	900	480,0	1079	480,0	1131
481,0	1174	481,0	954	481,0	1023	481,0	907	481,0	1075	481,0	1076
482,0	1156	482,0	876	482,0	1054	482,0	892	482,0	993	482,0	1020
483,1	1046	483,1	915	483,1	977	483,1	835	483,1	1040	483,1	1030
484,1	1008	484,1	840	484,1	992	484,1	847	484,1	947	484,1	961
485,1	1016	485,1	850	485,1	919	485,1	832	485,1	903	485,1	877
486,2	948	486,2	867	486,2	896	486,2	747	486,2	815	486,2	846
487,2	886	487,2	800	487,2	825	487,2	661	487,2	763	487,2	792
488,3	852	488,3	731	488,3	765	488,3	604	488,3	750	488,3	674
489,3	777	489,3	628	489,3	671	489,3	578	489,3	671	489,3	752
490,3	719	490,3	589	490,3	658	490,3	536	490,3	630	490,3	649
491,4	629	491,4	610	491,4	552	491,4	494	491,4	579	491,4	621
492,4	608	492,4	532	492,4	535	492,4	458	492,4	526	492,4	521
493,5	569	493,5	481	493,5	501	493,5	443	493,5	465	493,5	492
494,5	489	494,5	427	494,5	421	494,5	391	494,5	450	494,5	457
495,5	518	495,5	403	495,5	404	495,5	338	495,5	398	495,5	436
496,6	403	496,6	362	496,6	367	496,6	355	496,6	357	496,6	346
497,6	344	497,6	294	497,6	323	497,6	287	497,6	302	497,6	320
498,7	370	498,7	268	498,7	266	498,7	258	498,7	267	498,7	296
499,7	313	499,7	265	499,7	253	499,7	189	499,7	292	499,7	257
500,7	263	500,7	222	500,7	224	500,7	198	500,7	203	500,7	239
501,8	260	501,8	167	501,8	179	501,8	169	501,8	204	501,8	178
502,8	197	502,8	168	502,8	181	502,8	163	502,8	175	502,8	171
503,8	178	503,8	133	503,8	143	503,8	136	503,8	141	503,8	128
504,9	151	504,9	138	504,9	130	504,9	114	504,9	124	504,9	120
505,9	116	505,9	103	505,9	117	505,9	93	505,9	99	505,9	103
507,0	107	507,0	95	507,0	96	507,0	74	507,0	86	507,0	79
508,0	76	508,0	68	508,0	82	508,0	69	508,0	69	508,0	66
509,0	77	509,0	65	509,0	63	509,0	53	509,0	59	509,0	57
510,1	49	510,1	52	510,1	41	510,1	50	510,1	37	510,1	50
511,1	56	511,1	41	511,1	52	511,1	37	511,1	44	511,1	31
512,2	38	512,2	32	512,2	54	512,2	34	512,2	49	512,2	28
513,2	24	513,2	32	513,2	35	513,2	14	513,2	21	513,2	35
514,2	27	514,2	12	514,2	19	514,2	29	514,2	27	514,2	19
515,3	29	515,3	13	515,3	26	515,3	14	515,3	24	515,3	11
516,3	23	516,3	19	516,3	16	516,3	7	516,3	15	516,3	18
517,4	14	517,4	16	517,4	11	517,4	12	517,4	13	517,4	6
518,4	9	518,4	7	518,4	14	518,4	10	518,4	12	518,4	9
519,4	10	519,4	9	519,4	8	519,4	5	519,4	10	519,4	11
520,5	6	520,5	4	520,5	7	520,5	5	520,5	5	520,5	6
521,5	7	521,5	7	521,5	9	521,5	5	521,5	3	521,5	8
522,5	7	522,5	2	522,5	4	522,5	3	522,5	6	522,5	8
523,6	7	523,6	7	523,6	3	523,6	3	523,6	2	523,6	3
524,6	5	524,6	4	524,6	4	524,6	4	524,6	4	524,6	2
525,7	5	525,7	5	525,7	3	525,7	5	525,7	2	525,7	5
526,7	4	526,7	3	526,7	4	526,7	2	526,7	1	526,7	3
527,7	2	527,7	0	527,7	5	527,7	1	527,7	2	527,7	4
528,8	2	528,8	2	528,8	2	528,8	0	528,8	0	528,8	3
529,8	2	529,8	1	529,8	3	529,8	2	529,8	0	529,8	2
530,9	1	530,9	0	530,9	3	530,9	1	530,9	2	530,9	2
531,9	1	531,9	0	531,9	3	531,9	1	531,9	3	531,9	1
532,9	4	532,9	0	532,9	4	532,9	4	532,9	3	532,9	1
534,0	0	534,0	2	534,0	2	534,0	1	534,0	0	534,0	2
535,0	0	535,0	1	535,0	0	535,0	2	535,0	1	535,0	1
536,0	5	536,0	1	536,0	2	536,0	1	536,0	3	536,0	1
537,1	1	537,1	0	537,1	3	537,1	2	537,1	2	537,1	0
538,1	2	538,1	0	538,1	1	538,1	0	538,1	2	538,1	0
539,2	0	539,2	1	539,2	0	539,2	1	539,2	3	539,2	0
540,2	3	540,2	1	540,2	1	540,2	1	540,2	0	540,2	2
541,2	1	541,2	2	541,2	3	541,2	1	541,2	1	541,2	1
542,3	3	542,3	3	542,3	2	542,3	2	542,3	3	542,3	0
543,3	2	543,3	1	543,3	2	543,3	1	543,3	3	543,3	2
544,4	1	544,4	0	544,4	2	544,4	1	544,4	0	544,4	2
545,4	1	545,4	3	545,4	0	545,4	0	545,4	0	545,4	0
546,4	0	546,4	1	546,4	0	546,4	1	546,4	4	546,4	3
547,5	2	547,5	0	547,5	1	547,5	0	547,5	0	547,5	1
548,5	2	548,5	1	548,5	1	548,5	1	548,5	2	548,5	1
549,6	2	549,6	2	549,6	0	549,6	0	549,6	2	549,6	2
550,6	0	550,6	0	550,6	2	550,6	1	550,6	3	550,6	0
551,6	2	551,6	2	551,6	0	551,6	2	551,6	0	551,6	2
552,7	6	552,7	0	552,7	1	552,7	1	552,7	1	552,7	2
553,7	2	553,7	0	553,7	3	553,7	1	553,7	2	553,7	2
554,7	1	554,7	1	554,7	2	554,7	2	554,7	0	554,7	1
555,8	2	555,8	0	555,8	0	555,8	1	555,8	1	555,8	3
556,8	3	556,8	2	556,8	1	556,8	1	556,8	2	556,8	1
557,9	0	557,9	1	557,9	0	557,9	2	557,9	0	557,9	1
558,9	0	558,9	2	558,9	2	558,9	0	558,9	1	558,9	2
559,9	0	559,9	1	559,9	2	559,9	2	559,9	1	559,9	1
561,0	1	561,0	1	561,0	0	561,0	2	561,0	2	561,0	0
562,0	1	562,0	1	562,0	4	562,0	3	562,0	3	562,0	1
563,1	0	563,1	1	563,1	0	563,1	5	563,1	0	563,1	3
564,1	1	564,1	1	564,1	1	564,1	1	564,1	1	564,1	2
565,1	1	565,1	0	565,1	0	565,1	0	565,1	1	565,1	4
566,2	2	566,2	0	566,2	0	566,2	1	566,2	1	566,2	2
567,2	2	567,2	2	567,2	1	567,2	0	567,2	2	567,2	0
568,3	1	568,3	2	568,3	1	568,3	2	568,3	0	568,3	1
569,3	4	569,3	0	569,3	3	569,3	3	569,3	1	569,3	1
570,3	0	570,3	1	570,3	2	570,3	0	570,3	1	570,3	1
571,4	0	571,4	1	571,4	2	571,4	1	571,4	2	571,4	1
572,4	3	572,4	2	572,4	2	572,4	3	572,4	4	572,4	1
573,4	2	573,4	2	573,4	0	573,4	0	573,4	0	573,4	1
574,5	1	574,5	1	574,5	1	574,5	2	574,5	0	574,5	1
575,5	0	575,5	0	575,5	2	575,5	0	575,5	3	575,5	1
576,6	1	576,6	3	576,6	1	576,6	0	576,6	3	576,6	0
577,6	1	577,6	0	577,6	1	577,6	3	577,6	0	577,6	4
578,6	0	578,6	0	578,6	0	578,6	1	578,6	1	578,6	2
579,7	0	579,7	2	579,7	0	579,7	3	579,7	1	579,7	2
580,7	3	580,7	1	580,7	1	580,7	2	580,7	0	580,7	1
581,8	2	581,8	1	581,8	3	581,8	1	581,8	0	581,8	3
582,8	0	582,8	1	582,8	4	582,8	1	582,8	2	582,8	4
583,8	0	583,8	2	583,8	4	583,8	1	583,8	0	583,8	0
584,9	4	584,9	0	584,9	2	584,9	0	584,9	1	584,9	0
585,9	2	585,9	1	585,9	1	585,9	2	585,9	1	585,9	1
587,0	2	587,0	2	587,0	2	587,0	3	587,0	0	587,0	1
588,0	0	588,0	0	588,0	0	588,0	0	588,0	2	588,0	0
589,0	1	589,0	4	589,0	1	589,0	2	589,0	2	589,0	2
590,1	1	590,1	1	590,1	1	590,1	0	590,1	0	590,1	1
591,1	0	591,1	2	591,1	2	591,1	0	591,1	1	591,1	0
592,1	0	592,1	2	592,1	1	592,1	1	592,1	1	592,1	3
593,2	1	593,2	0	593,2	1	593,2	0	593,2	0	593,2	3
594,2	0	594,2	0	594,2	0	594,2	0	594,2	1	594,2	0
595,3	0	595,3	0	595,3	1	595,3	4	595,3	1	595,3	0
596,3	1	596,3	0	596,3	2	596,3	1	596,3	2	596,3	1
597,3	1	597,3	1	597,3	1	597,3	0	597,3	2	597,3	1
598,4	0	598,4	0	598,4	1	598,4	2	598,4	2	598,4	2
599,4	2	599,4	2	599,4	1	599,4	2	599,4	1	599,4	1
600,5	1	600,5	1	600,5	3	600,5	1	600,5	1	600,5	2
601,5	3	601,5	0	601,5	2	601,5	0	601,5	0	601,5	0
602,5	1	602,5	3	602,5	5	602,5	1	602,5	0	602,5	2
603,6	0	603,6	1	603,6	0	603,6	2	603,6	1	603,6	0
604,6	2	604,6	0	604,6	4	604,6	0	604,6	2	604,6	2
605,7	1	605,7	0	605,7	3	605,7	0	605,7	2	605,7	1
606,7	0	606,7	2	606,7	2	606,7	1	606,7	0	606,7	4
607,7	0	607,7	1	607,7	1	607,7	2	607,7	0	607,7	0
608,8	2	608,8	2	608,8	0	608,8	2	608,8	0	608,8	1
609,8	0	609,8	0	609,8	1	609,8	0	609,8	1	609,8	0
610,8	0	610,8	1	610,8	0	610,8	3	610,8	3	610,8	2
611,9	0	611,9	1	611,9	1	611,9	2	611,9	1	611,9	1
612,9	1	612,9	0	612,9	0	612,9	0	612,9	0	612,9	2
614,0	0	614,0	1	614,0	3	614,0	3	614,0	0	614,0	1
615,0	0	615,0	1	615,0	4	615,0	0	615,0	1	615,0	2
616,0	1	616,0	2	616,0	2	616,0	3	616,0	2	616,0	1
617,1	2	617,1	0	617,1	0	617,1	1	617,1	2	617,1	0
618,1	1	618,1	0	618,1	1	618,1	0	618,1	0	618,1	1
619,2	0	619,2	1	619,2	1	619,2	1	619,2	3	619,2	1
620,2	3	620,2	1	620,2	2	620,2	1	620,2	0	620,2	1
621,2	4	621,2	1	621,2	0	621,2	3	621,2	0	621,2	1
622,3	0	622,3	1	622,3	2	622,3	0	622,3	3	622,3	1
623,3	0	623,3	1	623,3	1	623,3	1	623,3	0	623,3	1
624,4	1	624,4	2	624,4	2	624,4	0	624,4	1	624,4	1
625,4	0	625,4	1	625,4	3	625,4	1	625,4	0	625,4	2
626,4	0	626,4	0	626,4	0	626,4	1	626,4	0	626,4	0
627,5	3	627,5	1	627,5	0	627,5	0	627,5	1	627,5	0
628,5	2	628,5	1	628,5	0	628,5	3	628,5	3	628,5	0
629,5	3	629,5	1	629,5	0	629,5	2	629,5	0	629,5	0
630,6	0	630,6	0	630,6	1	630,6	1	630,6	0	630,6	1
631,6	0	631,6	1	631,6	2	631,6	4	631,6	0	631,6	1
632,7	0	632,7	1	632,7	0	632,7	1	632,7	0	632,7	0
633,7	1	633,7	1	633,7	1	633,7	1	633,7	2	633,7	6
634,7	4	634,7	0	634,7	1	634,7	1	634,7	0	634,7	2
635,8	0	635,8	0	635,8	1	635,8	2	635,8	0	635,8	1
636,8	3	636,8	1	636,8	1	636,8	1	636,8	0	636,8	0
637,9	0	637,9	1	637,9	2	637,9	3	637,9	0	637,9	0
638,9	1	638,9	0	638,9	3	638,9	0	638,9	3	638,9	0
639,9	1	639,9	2	639,9	1	639,9	0	639,9	0	639,9	2
641,0	1	641,0	0	641,0	0	641,0	2	641,0	2	641,0	3
642,0	2	642,0	0	642,0	3	642,0	0	642,0	0	642,0	1
643,1	0	643,1	0	643,1	3	643,1	2	643,1	0	643,1	1
644,1	1	644,1	1	644,1	0	644,1	2	644,1	0	644,1	1
645,1	2	645,1	2	645,1	0	645,1	1	645,1	0	645,1	1
646,2	1	646,2	1	646,2	1	646,2	1	646,2	1	646,2	2
647,2	0	647,2	2	647,2	0	647,2	1	647,2	0	647,2	2
648,2	1	648,2	1	648,2	3	648,2	3	648,2	0	648,2	0
649,3	3	649,3	1	649,3	5	649,3	0	649,3	2	649,3	0
650,3	1	650,3	0	650,3	0	650,3	3	650,3	1	650,3	2
651,4	0	651,4	2	651,4	5	651,4	0	651,4	0	651,4	0
652,4	0	652,4	0	652,4	0	652,4	0	652,4	5	652,4	2
653,4	3	653,4	0	653,4	1	653,4	0	653,4	1	653,4	0
654,5	2	654,5	1	654,5	1	654,5	0	654,5	1	654,5	2
655,5	0	655,5	2	655,5	1	655,5	1	655,5	2	655,5	0
656,6	1	656,6	1	656,6	2	656,6	0	656,6	3	656,6	1
657,6	1	657,6	1	657,6	2	657,6	0	657,6	1	657,6	1
658,6	1	658,6	0	658,6	0	658,6	0	658,6	1	658,6	0
659,7	0	659,7	0	659,7	0	659,7	2	659,7	1	659,7	2
660,7	1	660,7	0	660,7	2	660,7	1	660,7	2	660,7	2
661,8	1	661,8	3	661,8	1	661,8	2	661,8	2	661,8	2
662,8	0	662,8	0	662,8	1	662,8	0	662,8	0	662,8	1
663,8	0	663,8	0	663,8	0	663,8	0	663,8	1	663,8	1
664,9	0	664,9	0	664,9	1	664,9	0	664,9	1	664,9	1
665,9	0	665,9	0	665,9	1	665,9	0	665,9	2	665,9	0
666,9	0	666,9	0	666,9	1	666,9	0	666,9	1	666,9	2
668,0	2	668,0	1	668,0	1	668,0	1	668,0	0	668,0	2
669,0	3	669,0	0	669,0	0	669,0	0	669,0	0	669,0	1
670,1	2	670,1	0	670,1	0	670,1	1	670,1	1	670,1	3
671,1	1	671,1	1	671,1	1	671,1	1	671,1	1	671,1	2
672,1	2	672,1	4	672,1	1	672,1	0	672,1	1	672,1	0
673,2	4	673,2	0	673,2	0	673,2	0	673,2	3	673,2	1
674,2	2	674,2	0	674,2	0	674,2	1	674,2	0	674,2	1
675,3	0	675,3	0	675,3	0	675,3	1	675,3	1	675,3	2
676,3	0	676,3	0	676,3	2	676,3	0	676,3	0	676,3	0
677,3	0	677,3	0	677,3	1	677,3	2	677,3	1	677,3	1
678,4	0	678,4	1	678,4	0	678,4	0	678,4	3	678,4	0
679,4	0	679,4	0	679,4	1	679,4	1	679,4	0	679,4	0
680,5	2	680,5	3	680,5	1	680,5	0	680,5	1	680,5	1
681,5	0	681,5	3	681,5	0	681,5	1	681,5	1	681,5	0
682,5	1	682,5	1	682,5	1	682,5	1	682,5	0	682,5	0
683,6	0	683,6	0	683,6	0	683,6	1	683,6	3	683,6	2
684,6	1	684,6	2	684,6	3	684,6	3	684,6	1	684,6	2
685,6	0	685,6	0	685,6	0	685,6	0	685,6	2	685,6	1
686,7	1	686,7	1	686,7	0	686,7	2	686,7	1	686,7	0
687,7	2	687,7	1	687,7	0	687,7	1	687,7	0	687,7	3
688,8	0	688,8	1	688,8	2	688,8	1	688,8	0	688,8	0
689,8	3	689,8	1	689,8	5	689,8	1	689,8	2	689,8	0
690,8	0	690,8	1	690,8	0	690,8	0	690,8	1	690,8	1
691,9	1	691,9	0	691,9	1	691,9	2	691,9	1	691,9	1
692,9	0	692,9	0	692,9	0	692,9	1	692,9	0	692,9	0
694,0	1	694,0	1	694,0	1	694,0	1	694,0	1	694,0	0
695,0	1	695,0	0	695,0	0	695,0	2	695,0	0	695,0	2
696,0	1	696,0	0	696,0	0	696,0	0	696,0	2	696,0	0
697,1	0	697,1	1	697,1	1	697,1	0	697,1	0	697,1	1
698,1	1	698,1	1	698,1	3	698,1	1	698,1	0	698,1	0
699,2	1	699,2	1	699,2	2	699,2	0	699,2	0	699,2	0
700,2	1	700,2	1	700,2	1	700,2	1	700,2	0	700,2	1
701,2	0	701,2	2	701,2	0	701,2	0	701,2	0	701,2	0
702,3	0	702,3	1	702,3	0	702,3	1	702,3	0	702,3	1
703,3	2	703,3	1	703,3	2	703,3	2	703,3	2	703,3	1
704,3	0	704,3	0	704,3	1	704,3	0	704,3	1	704,3	1
705,4	1	705,4	3	705,4	1	705,4	2	705,4	1	705,4	1
706,4	1	706,4	0	706,4	1	706,4	0	706,4	0	706,4	0
707,5	2	707,5	0	707,5	1	707,5	0	707,5	0	707,5	0
708,5	0	708,5	1	708,5	0	708,5	1	708,5	0	708,5	1
709,5	0	709,5	0	709,5	0	709,5	0	709,5	1	709,5	1
710,6	1	710,6	0	710,6	2	710,6	3	710,6	0	710,6	0
711,6	0	711,6	1	711,6	0	711,6	1	711,6	1	711,6	0
712,7	2	712,7	1	712,7	1	712,7	0	712,7	2	712,7	3
713,7	1	713,7	1	713,7	0	713,7	1	713,7	2	713,7	0
714,7	0	714,7	2	714,7	1	714,7	2	714,7	0	714,7	1
715,8	0	715,8	2	715,8	1	715,8	1	715,8	1	715,8	1
716,8	0	716,8	0	716,8	1	716,8	1	716,8	0	716,8	1
717,8	1	717,8	0	717,8	0	717,8	1	717,8	0	717,8	2
718,9	1	718,9	0	718,9	1	718,9	0	718,9	1	718,9	0
719,9	0	719,9	1	719,9	1	719,9	0	719,9	3	719,9	0
721,0	3	721,0	0	721,0	0	721,0	1	721,0	2	721,0	2
722,0	0	722,0	0	722,0	1	722,0	0	722,0	0	722,0	1
723,0	0	723,0	1	723,0	1	723,0	0	723,0	1	723,0	0
724,1	0	724,1	1	724,1	1	724,1	0	724,1	0	724,1	2
725,1	0	725,1	0	725,1	1	725,1	1	725,1	1	725,1	1
726,2	2	726,2	3	726,2	2	726,2	0	726,2	1	726,2	0
727,2	0	727,2	1	727,2	2	727,2	0	727,2	0	727,2	3
728,2	0	728,2	1	728,2	1	728,2	0	728,2	0	728,2	1
729,3	1	729,3	1	729,3	2	729,3	2	729,3	2	729,3	0
730,3	0	730,3	0	730,3	1	730,3	1	730,3	1	730,3	0
731,4	1	731,4	0	731,4	1	731,4	0	731,4	2	731,4	1
732,4	0	732,4	0	732,4	0	732,4	0	732,4	0	732,4	0
733,4	1	733,4	0	733,4	1	733,4	1	733,4	0	733,4	1
734,5	3	734,5	0	734,5	0	734,5	1	734,5	2	734,5	0
735,5	0	735,5	0	735,5	1	735,5	2	735,5	1	735,5	0
736,5	1	736,5	0	736,5	0	736,5	0	736,5	0	736,5	0
737,6	0	737,6	1	737,6	1	737,6	0	737,6	2	737,6	0
738,6	0	738,6	0	738,6	0	738,6	1	738,6	1	738,6	0
739,7	1	739,7	1	739,7	0	739,7	1	739,7	0	739,7	0
740,7	2	740,7	1	740,7	0	740,7	0	740,7	0	740,7	0
741,7	1	741,7	1	741,7	1	741,7	0	741,7	2	741,7	1
742,8	1	742,8	1	742,8	0	742,8	0	742,8	1	742,8	3
743,8	1	743,8	1	743,8	1	743,8	2	743,8	2	743,8	1
744,9	4	744,9	1	744,9	0	744,9	2	744,9	1	744,9	0
745,9	2	745,9	2	745,9	0	745,9	2	745,9	1	745,9	0
746,9	0	746,9	0	746,9	0	746,9	0	746,9	1	746,9	0
748,0	0	748,0	0	748,0	0	748,0	1	748,0	0	748,0	2
749,0	2	749,0	0	749,0	0	749,0	1	749,0	1	749,0	0
750,1	0	750,1	1	750,1	0	750,1	0	750,1	1	750,1	2
751,1	0	751,1	0	751,1	1	751,1	0	751,1	1	751,1	1
752,1	0	752,1	1	752,1	1	752,1	0	752,1	0	752,1	1
753,2	0	753,2	2	753,2	0	753,2	0	753,2	1	753,2	0
754,2	1	754,2	1	754,2	2	754,2	0	754,2	1	754,2	1
755,2	1	755,2	1	755,2	0	755,2	1	755,2	1	755,2	0
756,3	0	756,3	2	756,3	0	756,3	0	756,3	1	756,3	2
757,3	1	757,3	2	757,3	1	757,3	0	757,3	1	757,3	1
758,4	1	758,4	1	758,4	1	758,4	1	758,4	1	758,4	0
759,4	1	759,4	2	759,4	2	759,4	2	759,4	1	759,4	0
760,4	0	760,4	1	760,4	1	760,4	0	760,4	3	760,4	0
761,5	0	761,5	0	761,5	0	761,5	0	761,5	1	761,5	0
762,5	1	762,5	1	762,5	1	762,5	1	762,5	0	762,5	1
763,6	1	763,6	1	763,6	0	763,6	0	763,6	1	763,6	1
764,6	1	764,6	1	764,6	1	764,6	0	764,6	0	764,6	0
765,6	0	765,6	0	765,6	1	765,6	0	765,6	1	765,6	0
766,7	3	766,7	1	766,7	0	766,7	0	766,7	1	766,7	1
767,7	1	767,7	2	767,7	0	767,7	1	767,7	1	767,7	2
768,8	1	768,8	4	768,8	2	768,8	0	768,8	2	768,8	0
769,8	1	769,8	2	769,8	4	769,8	2	769,8	0	769,8	1
770,8	1	770,8	0	770,8	0	770,8	0	770,8	1	770,8	0
771,9	2	771,9	0	771,9	3	771,9	0	771,9	0	771,9	1
772,9	0	772,9	1	772,9	1	772,9	2	772,9	0	772,9	2
773,9	2	773,9	0	773,9	0	773,9	0	773,9	0	773,9	0
775,0	1	775,0	1	775,0	1	775,0	0	775,0	2	775,0	0
776,0	1	776,0	1	776,0	1	776,0	1	776,0	0	776,0	2
777,1	1	777,1	1	777,1	0	777,1	0	777,1	0	777,1	1
778,1	1	778,1	2	778,1	1	778,1	1	778,1	0	778,1	1
779,1	1	779,1	0	779,1	0	779,1	1	779,1	1	779,1	0
780,2	1	780,2	0	780,2	1	780,2	0	780,2	2	780,2	0
781,2	0	781,2	1	781,2	0	781,2	2	781,2	1	781,2	3
782,3	0	782,3	0	782,3	0	782,3	2	782,3	0	782,3	1
783,3	0	783,3	0	783,3	0	783,3	0	783,3	2	783,3	0
784,3	0	784,3	0	784,3	1	784,3	0	784,3	1	784,3	2
785,4	2	785,4	0	785,4	2	785,4	1	785,4	2	785,4	1
786,4	1	786,4	1	786,4	1	786,4	2	786,4	1	786,4	2
787,5	2	787,5	2	787,5	0	787,5	0	787,5	0	787,5	0
788,5	0	788,5	0	788,5	1	788,5	1	788,5	0	788,5	1
789,5	0	789,5	0	789,5	1	789,5	1	789,5	1	789,5	1
790,6	0	790,6	0	790,6	0	790,6	1	790,6	0	790,6	1
791,6	0	791,6	0	791,6	1	791,6	2	791,6	1	791,6	0
792,6	1	792,6	1	792,6	0	792,6	1	792,6	0	792,6	0
793,7	0	793,7	1	793,7	1	793,7	0	793,7	1	793,7	0
794,7	0	794,7	0	794,7	1	794,7	0	794,7	2	794,7	0
795,8	2	795,8	0	795,8	0	795,8	0	795,8	1	795,8	1
796,8	1	796,8	3	796,8	0	796,8	1	796,8	0	796,8	1
797,8	0	797,8	1	797,8	1	797,8	0	797,8	0	797,8	1
798,9	0	798,9	1	798,9	0	798,9	1	798,9	2	798,9	0
799,9	1	799,9	0	799,9	3	799,9	0	799,9	1	799,9	0
801,0	1	801,0	2	801,0	0	801,0	2	801,0	1	801,0	1
802,0	0	802,0	0	802,0	0	802,0	2	802,0	1	802,0	0
803,0	0	803,0	2	803,0	0	803,0	1	803,0	0	803,0	2
804,1	1	804,1	0	804,1	1	804,1	1	804,1	0	804,1	2
805,1	0	805,1	0	805,1	0	805,1	0	805,1	2	805,1	0
806,2	0	806,2	0	806,2	1	806,2	0	806,2	2	806,2	3
807,2	1	807,2	1	807,2	0	807,2	1	807,2	1	807,2	0
808,2	0	808,2	2	808,2	1	808,2	0	808,2	0	808,2	0
809,3	0	809,3	0	809,3	1	809,3	0	809,3	0	809,3	2
810,3	1	810,3	1	810,3	0	810,3	1	810,3	0	810,3	0
811,3	0	811,3	0	811,3	2	811,3	1	811,3	1	811,3	1
812,4	1	812,4	1	812,4	0	812,4	0	812,4	2	812,4	0
813,4	0	813,4	2	813,4	1	813,4	1	813,4	1	813,4	0
814,5	0	814,5	0	814,5	0	814,5	0	814,5	2	814,5	2
815,5	2	815,5	1	815,5	1	815,5	0	815,5	2	815,5	0
816,5	1	816,5	0	816,5	2	816,5	1	816,5	0	816,5	0
817,6	0	817,6	2	817,6	1	817,6	0	817,6	0	817,6	0
818,6	0	818,6	1	818,6	1	818,6	1	818,6	2	818,6	1
819,7	0	819,7	2	819,7	1	819,7	0	819,7	0	819,7	1
820,7	0	820,7	0	820,7	0	820,7	1	820,7	0	820,7	0
821,7	0	821,7	1	821,7	0	821,7	1	821,7	0	821,7	1
822,8	1	822,8	0	822,8	0	822,8	2	822,8	0	822,8	3
823,8	0	823,8	1	823,8	0	823,8	2	823,8	2	823,8	1
824,9	1	824,9	1	824,9	1	824,9	1	824,9	1	824,9	2
825,9	0	825,9	1	825,9	0	825,9	0	825,9	0	825,9	0
826,9	0	826,9	0	826,9	0	826,9	0	826,9	0	826,9	1
828,0	1	828,0	0	828,0	0	828,0	1	828,0	1	828,0	0
829,0	0	829,0	1	829,0	1	829,0	0	829,0	2	829,0	0
830,0	1	830,0	0	830,0	1	830,0	1	830,0	1	830,0	0
831,1	0	831,1	0	831,1	0	831,1	1	831,1	1	831,1	0
832,1	0	832,1	1	832,1	1	832,1	0	832,1	0	832,1	0
833,2	0	833,2	0	833,2	0	833,2	0	833,2	0	833,2	0
834,2	0	834,2	0	834,2	1	834,2	1	834,2	0	834,2	1
835,2	0	835,2	0	835,2	1	835,2	0	835,2	0	835,2	0
836,3	0	836,3	1	836,3	1	836,3	0	836,3	0	836,3	0
837,3	0	837,3	0	837,3	0	837,3	0	837,3	0	837,3	0
838,4	0	838,4	0	838,4	0	838,4	1	838,4	1	838,4	1
839,4	0	839,4	2	839,4	0	839,4	0	839,4	0	839,4	0
840,4	3	840,4	0	840,4	1	840,4	0	840,4	0	840,4	0
841,5	0	841,5	1	841,5	0	841,5	1	841,5	0	841,5	1
842,5	0	842,5	0	842,5	0	842,5	1	842,5	1	842,5	1
843,6	0	843,6	0	843,6	0	843,6	0	843,6	0	843,6	0
844,6	3	844,6	0	844,6	1	844,6	0	844,6	0	844,6	0
845,6	0	845,6	0	845,6	1	845,6	0	845,6	0	845,6	1
846,7	0	846,7	0	846,7	1	846,7	0	846,7	0	846,7	1
847,7	0	847,7	0	847,7	1	847,7	0	847,7	0	847,7	0
848,7	0	848,7	2	848,7	1	848,7	1	848,7	1	848,7	0
849,8	0	849,8	1	849,8	1	849,8	0	849,8	2	849,8	0
850,8	1	850,8	0	850,8	0	850,8	0	850,8	0	850,8	1
851,9	0	851,9	0	851,9	1	851,9	0	851,9	0	851,9	0
852,9	1	852,9	1	852,9	2	852,9	2	852,9	0	852,9	0
853,9	0	853,9	0	853,9	1	853,9	1	853,9	1	853,9	0
855,0	0	855,0	0	855,0	0	855,0	0	855,0	1	855,0	1
856,0	1	856,0	1	856,0	0	856,0	0	856,0	0	856,0	2
857,1	0	857,1	0	857,1	1	857,1	1	857,1	1	857,1	1
858,1	1	858,1	1	858,1	0	858,1	1	858,1	1	858,1	1
859,1	0	859,1	0	859,1	0	859,1	1	859,1	0	859,1	1
860,2	1	860,2	0	860,2	0	860,2	0	860,2	1	860,2	0
861,2	1	861,2	1	861,2	0	861,2	1	861,2	1	861,2	0
862,3	1	862,3	0	862,3	0	862,3	0	862,3	0	862,3	1
863,3	0	863,3	0	863,3	1	863,3	0	863,3	0	863,3	0
864,3	0	864,3	1	864,3	1	864,3	0	864,3	1	864,3	0
865,4	0	865,4	0	865,4	0	865,4	0	865,4	0	865,4	0
866,4	0	866,4	0	866,4	1	866,4	1	866,4	3	866,4	1
867,4	1	867,4	0	867,4	0	867,4	0	867,4	0	867,4	1
868,5	0	868,5	1	868,5	1	868,5	0	868,5	0	868,5	0
869,5	0	869,5	0	869,5	1	869,5	0	869,5	0	869,5	0
870,6	0	870,6	0	870,6	2	870,6	0	870,6	0	870,6	0
871,6	0	871,6	0	871,6	1	871,6	0	871,6	0	871,6	0
872,6	0	872,6	0	872,6	0	872,6	0	872,6	0	872,6	1
873,7	0	873,7	0	873,7	0	873,7	1	873,7	0	873,7	1
874,7	1	874,7	0	874,7	0	874,7	0	874,7	2	874,7	1
875,8	1	875,8	0	875,8	1	875,8	0	875,8	0	875,8	0
876,8	0	876,8	1	876,8	0	876,8	0	876,8	0	876,8	1
877,8	0	877,8	0	877,8	1	877,8	1	877,8	1	877,8	0
878,9	2	878,9	0	878,9	0	878,9	0	878,9	1	878,9	0
879,9	0	879,9	0	879,9	0	879,9	0	879,9	0	879,9	0
881,0	0	881,0	1	881,0	1	881,0	1	881,0	0	881,0	0
882,0	0	882,0	0	882,0	0	882,0	0	882,0	0	882,0	1
883,0	0	883,0	0	883,0	0	883,0	0	883,0	0	883,0	0
884,1	1	884,1	1	884,1	2	884,1	0	884,1	0	884,1	0
885,1	0	885,1	1	885,1	0	885,1	0	885,1	0	885,1	1
886,1	0	886,1	0	886,1	0	886,1	0	886,1	0	886,1	0
887,2	2	887,2	0	887,2	1	887,2	0	887,2	0	887,2	1
888,2	0	888,2	1	888,2	0	888,2	0	888,2	0	888,2	0
889,3	0	889,3	0	889,3	2	889,3	0	889,3	1	889,3	0
890,3	1	890,3	0	890,3	0	890,3	0	890,3	0	890,3	0
891,3	0	891,3	0	891,3	0	891,3	0	891,3	0	891,3	0
892,4	1	892,4	0	892,4	0	892,4	1	892,4	1	892,4	1
893,4	0	893,4	0	893,4	0	893,4	0	893,4	0	893,4	0
894,5	0	894,5	0	894,5	0	894,5	0	894,5	0	894,5	0
895,5	0	895,5	1	895,5	0	895,5	0	895,5	0	895,5	0
896,5	1	896,5	0	896,5	2	896,5	0	896,5	0	896,5	0
897,6	0	897,6	0	897,6	0	897,6	0	897,6	0	897,6	0
898,6	0	898,6	0	898,6	0	898,6	0	898,6	0	898,6	0
899,6	0	899,6	0	899,6	1	899,6	0	899,6	0	899,6	2
900,7	0	900,7	0	900,7	1	900,7	2	900,7	0	900,7	1
901,7	2	901,7	0	901,7	0	901,7	0	901,7	0	901,7	0
902,8	0	902,8	1	902,8	2	902,8	0	902,8	0	902,8	0
903,8	1	903,8	1	903,8	0	903,8	0	903,8	0	903,8	0
904,8	0	904,8	1	904,8	0	904,8	0	904,8	1	904,8	0
905,9	0	905,9	1	905,9	0	905,9	1	905,9	0	905,9	0
906,9	1	906,9	1	906,9	1	906,9	1	906,9	0	906,9	0
908,0	0	908,0	0	908,0	0	908,0	0	908,0	1	908,0	0
909,0	0	909,0	1	909,0	1	909,0	2	909,0	0	909,0	0
910,0	1	910,0	0	910,0	0	910,0	0	910,0	0	910,0	0
911,1	0	911,1	1	911,1	0	911,1	0	911,1	0	911,1	0
912,1	0	912,1	0	912,1	0	912,1	0	912,1	0	912,1	3
913,2	0	913,2	0	913,2	1	913,2	0	913,2	0	913,2	0
914,2	1	914,2	0	914,2	0	914,2	0	914,2	0	914,2	0
915,2	1	915,2	0	915,2	0	915,2	1	915,2	0	915,2	1
916,3	0	916,3	1	916,3	0	916,3	2	916,3	3	916,3	0
917,3	0	917,3	0	917,3	0	917,3	0	917,3	1	917,3	0
918,3	1	918,3	0	918,3	0	918,3	1	918,3	0	918,3	1
919,4	1	919,4	0	919,4	0	919,4	0	919,4	1	919,4	0
920,4	0	920,4	0	920,4	2	920,4	0	920,4	0	920,4	0
921,5	1	921,5	1	921,5	1	921,5	1	921,5	0	921,5	0
922,5	0	922,5	0	922,5	2	922,5	0	922,5	0	922,5	0
923,5	0	923,5	0	923,5	0	923,5	0	923,5	2	923,5	0
924,6	1	924,6	0	924,6	1	924,6	1	924,6	0	924,6	0
925,6	0	925,6	1	925,6	1	925,6	0	925,6	0	925,6	0
926,7	0	926,7	0	926,7	0	926,7	0	926,7	0	926,7	1
927,7	0	927,7	1	927,7	0	927,7	0	927,7	0	927,7	0
928,7	0	928,7	0	928,7	0	928,7	0	928,7	0	928,7	0
929,8	0	929,8	0	929,8	0	929,8	1	929,8	1	929,8	0
930,8	1	930,8	0	930,8	0	930,8	0	930,8	2	930,8	0
931,9	0	931,9	0	931,9	0	931,9	1	931,9	0	931,9	0
932,9	2	932,9	0	932,9	0	932,9	1	932,9	1	932,9	1
933,9	0	933,9	0	933,9	0	933,9	0	933,9	0	933,9	0
935,0	1	935,0	1	935,0	0	935,0	0	935,0	0	935,0	0
936,0	0	936,0	0	936,0	0	936,0	0	936,0	0	936,0	1
937,0	0	937,0	2	937,0	1	937,0	0	937,0	1	937,0	0
938,1	1	938,1	0	938,1	2	938,1	0	938,1	0	938,1	0
939,1	0	939,1	1	939,1	0	939,1	2	939,1	0	939,1	0
940,2	0	940,2	0	940,2	0	940,2	0	940,2	0	940,2	1
941,2	0	941,2	1	941,2	1	941,2	0	941,2	0	941,2	0
942,2	0	942,2	0	942,2	0	942,2	0	942,2	0	942,2	2
943,3	0	943,3	0	943,3	0	943,3	0	943,3	5	943,3	0
944,3	1	944,3	0	944,3	0	944,3	1	944,3	0	944,3	3
945,4	1	945,4	0	945,4	1	945,4	0	945,4	0	945,4	0
946,4	1	946,4	0	946,4	0	946,4	0	946,4	0	946,4	0
947,4	1	947,4	0	947,4	1	947,4	0	947,4	2	947,4	0
948,5	0	948,5	1	948,5	1	948,5	0	948,5	0	948,5	0
949,5	0	949,5	1	949,5	0	949,5	0	949,5	0	949,5	0
950,6	0	950,6	0	950,6	0	950,6	1	950,6	0	950,6	1
951,6	1	951,6	0	951,6	1	951,6	0	951,6	0	951,6	1
952,6	1	952,6	1	952,6	1	952,6	2	952,6	1	952,6	0
953,7	2	953,7	2	953,7	0	953,7	1	953,7	0	953,7	1
954,7	0	954,7	0	954,7	0	954,7	1	954,7	0	954,7	1
955,7	1	955,7	0	955,7	0	955,7	1	955,7	0	955,7	0
956,8	0	956,8	0	956,8	0	956,8	1	956,8	0	956,8	0
957,8	2	957,8	1	957,8	0	957,8	0	957,8	3	957,8	0
958,9	2	958,9	4	958,9	0	958,9	1	958,9	0	958,9	0
959,9	0	959,9	1	959,9	2	959,9	0	959,9	1	959,9	0
960,9	2	960,9	0	960,9	0	960,9	0	960,9	1	960,9	1
962,0	0	962,0	1	962,0	1	962,0	0	962,0	0	962,0	0
963,0	1	963,0	0	963,0	0	963,0	0	963,0	0	963,0	0
964,1	0	964,1	2	964,1	0	964,1	2	964,1	0	964,1	1
965,1	1	965,1	2	965,1	1	965,1	0	965,1	1	965,1	0
966,1	0	966,1	0	966,1	1	966,1	0	966,1	0	966,1	1
967,2	0	967,2	0	967,2	0	967,2	1	967,2	1	967,2	1
968,2	0	968,2	0	968,2	1	968,2	2	968,2	0	968,2	1
969,3	0	969,3	0	969,3	2	969,3	1	969,3	0	969,3	0
970,3	0	970,3	0	970,3	3	970,3	0	970,3	1	970,3	0
971,3	1	971,3	0	971,3	0	971,3	0	971,3	0	971,3	1
972,4	0	972,4	1	972,4	0	972,4	1	972,4	1	972,4	0
973,4	0	973,4	0	973,4	0	973,4	1	973,4	0	973,4	0
974,4	0	974,4	0	974,4	1	974,4	0	974,4	0	974,4	0
975,5	4	975,5	0	975,5	0	975,5	0	975,5	1	975,5	1
976,5	0	976,5	0	976,5	0	976,5	2	976,5	0	976,5	1
977,6	0	977,6	1	977,6	2	977,6	0	977,6	1	977,6	1
978,6	0	978,6	0	978,6	0	978,6	1	978,6	1	978,6	0
979,6	0	979,6	1	979,6	0	979,6	0	979,6	0	979,6	1
980,7	1	980,7	1	980,7	0	980,7	1	980,7	1	980,7	1
981,7	2	981,7	2	981,7	0	981,7	1	981,7	0	981,7	0
982,8	1	982,8	0	982,8	1	982,8	3	982,8	0	982,8	0
983,8	0	983,8	1	983,8	2	983,8	0	983,8	0	983,8	0
984,8	1	984,8	2	984,8	1	984,8	1	984,8	0	984,8	1
985,9	1	985,9	0	985,9	3	985,9	0	985,9	0	985,9	0
986,9	0	986,9	1	986,9	0	986,9	2	986,9	0	986,9	4
988,0	0	988,0	1	988,0	1	988,0	0	988,0	1	988,0	1
989,0	0	989,0	0	989,0	2	989,0	0	989,0	0	989,0	1
990,0	0	990,0	0	990,0	0	990,0	1	990,0	0	990,0	0
991,1	1	991,1	0	991,1	0	991,1	2	991,1	1	991,1	0
992,1	0	992,1	1	992,1	0	992,1	1	992,1	1	992,1	2
993,1	1	993,1	0	993,1	0	993,1	0	993,1	0	993,1	1
994,2	2	994,2	1	994,2	1	994,2	0	994,2	0	994,2	0
995,2	2	995,2	1	995,2	0	995,2	1	995,2	0	995,2	1
996,3	0	996,3	0	996,3	0	996,3	0	996,3	1	996,3	1
997,3	1	997,3	1	997,3	1	997,3	0	997,3	0	997,3	0
998,3	1	998,3	0	998,3	0	998,3	0	998,3	0	998,3	1
999,4	0	999,4	0	999,4	1	999,4	0	999,4	0	999,4	2
1000,4	1	1000,4	0	1000,4	0	1000,4	1	1000,4	1	1000,4	3
1001,5	0	1001,5	0	1001,5	0	1001,5	0	1001,5	1	1001,5	1
1002,5	2	1002,5	1	1002,5	0	1002,5	1	1002,5	0	1002,5	0
1003,5	1	1003,5	0	1003,5	2	1003,5	0	1003,5	1	1003,5	0
1004,6	0	1004,6	1	1004,6	0	1004,6	0	1004,6	0	1004,6	0
1005,6	0	1005,6	0	1005,6	0	1005,6	1	1005,6	0	1005,6	1
1006,7	0	1006,7	0	1006,7	1	1006,7	1	1006,7	0	1006,7	0
1007,7	0	1007,7	0	1007,7	1	1007,7	0	1007,7	0	1007,7	0
1008,7	1	1008,7	0	1008,7	0	1008,7	0	1008,7	0	1008,7	1
1009,8	1	1009,8	0	1009,8	1	1009,8	0	1009,8	0	1009,8	0
1010,8	2	1010,8	0	1010,8	0	1010,8	0	1010,8	0	1010,8	0
1011,8	1	1011,8	0	1011,8	0	1011,8	0	1011,8	0	1011,8	0
1012,9	0	1012,9	0	1012,9	0	1012,9	1	1012,9	0	1012,9	2
1013,9	0	1013,9	0	1013,9	0	1013,9	0	1013,9	1	1013,9	0
1015,0	0	1015,0	0	1015,0	0	1015,0	0	1015,0	0	1015,0	0
1016,0	1	1016,0	0	1016,0	0	1016,0	0	1016,0	0	1016,0	0
1017,0	1	1017,0	0	1017,0	0	1017,0	0	1017,0	0	1017,0	0
1018,1	0	1018,1	0	1018,1	1	1018,1	0	1018,1	0	1018,1	0
1019,1	0	1019,1	0	1019,1	0	1019,1	0	1019,1	0	1019,1	0
1020,2	0	1020,2	0	1020,2	0	1020,2	0	1020,2	0	1020,2	0
1021,2	0	1021,2	0	1021,2	0	1021,2	0	1021,2	0	1021,2	0
1022,2	0	1022,2	0	1022,2	0	1022,2	0	1022,2	0	1022,2	0
1023,3	0	1023,3	0	1023,3	0	1023,3	0	1023,3	0	1023,3	0
1024,3	1	1024,3	0	1024,3	0	1024,3	0	1024,3	0	1024,3	0
1025,4	1	1025,4	0	1025,4	1	1025,4	2	1025,4	0	1025,4	0
1026,4	0	1026,4	0	1026,4	0	1026,4	0	1026,4	0	1026,4	1
1027,4	0	1027,4	1	1027,4	0	1027,4	0	1027,4	0	1027,4	0
1028,5	1	1028,5	0	1028,5	0	1028,5	0	1028,5	1	1028,5	1
1029,5	0	1029,5	0	1029,5	1	1029,5	0	1029,5	0	1029,5	0
1030,5	0	1030,5	0	1030,5	0	1030,5	0	1030,5	0	1030,5	0
1031,6	0	1031,6	0	1031,6	0	1031,6	0	1031,6	0	1031,6	0
1032,6	0	1032,6	1	1032,6	0	1032,6	0	1032,6	0	1032,6	0
1033,7	0	1033,7	1	1033,7	0	1033,7	0	1033,7	0	1033,7	0
1034,7	0	1034,7	0	1034,7	0	1034,7	0	1034,7	0	1034,7	0
1035,7	0	1035,7	0	1035,7	0	1035,7	0	1035,7	0	1035,7	0
1036,8	0	1036,8	0	1036,8	0	1036,8	0	1036,8	0	1036,8	0
1037,8	0	1037,8	0	1037,8	0	1037,8	0	1037,8	0	1037,8	0
1038,9	0	1038,9	1	1038,9	0	1038,9	0	1038,9	0	1038,9	0
1039,9	0	1039,9	0	1039,9	0	1039,9	0	1039,9	0	1039,9	0
1040,9	1	1040,9	0	1040,9	0	1040,9	0	1040,9	0	1040,9	0
1042,0	0	1042,0	0	1042,0	0	1042,0	1	1042,0	0	1042,0	0
1043,0	0	1043,0	0	1043,0	0	1043,0	0	1043,0	0	1043,0	0
1044,1	0	1044,1	0	1044,1	0	1044,1	0	1044,1	1	1044,1	0
1045,1	0	1045,1	1	1045,1	0	1045,1	0	1045,1	1	1045,1	0
1046,1	1	1046,1	0	1046,1	1	1046,1	0	1046,1	0	1046,1	0
1047,2	0	1047,2	0	1047,2	0	1047,2	0	1047,2	0	1047,2	0
1048,2	0	1048,2	0	1048,2	0	1048,2	0	1048,2	0	1048,2	1
1049,2	0	1049,2	0	1049,2	0	1049,2	0	1049,2	0	1049,2	0
1050,3	1	1050,3	0	1050,3	1	1050,3	0	1050,3	0	1050,3	0
1051,3	0	1051,3	1	1051,3	1	1051,3	2	1051,3	0	1051,3	0
1052,4	0	1052,4	1	1052,4	0	1052,4	1	1052,4	0	1052,4	0
1053,4	1	1053,4	1	1053,4	0	1053,4	0	1053,4	1	1053,4	0
1054,4	0	1054,4	0	1054,4	0	1054,4	0	1054,4	0	1054,4	0
1055,5	0	1055,5	1	1055,5	0	1055,5	0	1055,5	0	1055,5	0
1056,5	0	1056,5	1	1056,5	0	1056,5	0	1056,5	0	1056,5	0
1057,6	0	1057,6	0	1057,6	0	1057,6	0	1057,6	0	1057,6	2
1058,6	0	1058,6	0	1058,6	0	1058,6	0	1058,6	0	1058,6	0
1059,6	1	1059,6	0	1059,6	0	1059,6	0	1059,6	0	1059,6	0
1060,7	0	1060,7	0	1060,7	0	1060,7	0	1060,7	0	1060,7	0
1061,7	0	1061,7	0	1061,7	0	1061,7	1	1061,7	0	1061,7	1
1062,7	62	1062,7	74	1062,7	74	1062,7	66	1062,7	68	1062,7	69
